4555.0  25.3093242093
4556.0  25.3268721252
4557.0  25.2999020393
4558.0  25.311053198
4559.0  25.3145100094
4560.0  25.3158468765
4561.0  25.3194955609
4562.0  25.3102998188
4563.0  25.3074940854
4564.0  25.298622781
4565.0  25.3128630932
4566.0  25.3076448864
4567.0  25.3110659153
4568.0  25.301991262
4569.0  25.307854376
4570.0  25.2959176749
4571.0  25.3164804549
4572.0  25.3166907925
4573.0  25.3162536851
4574.0  25.3040445768
4575.0  25.3083234294
4576.0  25.3118772592
4577.0  25.3139023904
4578.0  25.3187525307
4579.0  25.3115848547
4580.0  25.3111721377
4581.0  25.3001028893
4582.0  25.3048954797
4583.0  25.3052866482
4584.0  25.3025188555
4585.0  25.3165088849
4586.0  25.3233135226
4587.0  25.3109266556
4588.0  25.3210386337
4589.0  25.3197891895
4590.0  25.3122853767
4591.0  25.3242038141
4592.0  25.3257256344
4593.0  25.3272329444
4594.0  25.3409392811
4595.0  25.3527786926
4596.0  25.3446301554
4597.0  25.3377103375
4598.0  25.3241104883
4599.0  25.3226437618
4600.0  25.3306224204
4601.0  25.3121909698
4602.0  25.321291709
4603.0  25.3171497533
4604.0  25.3178599785
4605.0  25.3249492412
4606.0  25.3150484784
4607.0  25.341398211
4608.0  25.3215010961
4609.0  25.3205793444
4610.0  25.3246782329
4611.0  25.3285773697
4612.0  25.3289217752
4613.0  25.314724477
4614.0  25.315340396
4615.0  25.3178208848
4616.0  25.3288803012
4617.0  25.3248654965
4618.0  25.307848333
4619.0  25.3107172253
4620.0  25.3225750126
4621.0  25.3229683031
4622.0  25.3194753131
4623.0  25.3311210068
4624.0  25.3298311115
4625.0  25.3330830993
4626.0  25.3262624579
4627.0  25.334957967
4628.0  25.3386373142
4629.0  25.3505444029
4630.0  25.347698525
4631.0  25.330225687
4632.0  25.3156036734
4633.0  25.3196427819
4634.0  25.3149821358
4635.0  25.3124847182
4636.0  25.309567734
4637.0  25.3172976075
4638.0  25.3253378346
4639.0  25.3173708637
4640.0  25.3256462959
4641.0  25.3307833648
4642.0  25.3212624792
4643.0  25.3347799172
4644.0  25.3133180807
4645.0  25.3179219142
4646.0  25.3283359469
4647.0  25.3309639671
4648.0  25.3187037035
4649.0  25.327097874
4650.0  25.3252161153
4651.0  25.3226965999
4652.0  25.314489314
4653.0  25.3153793884
4654.0  25.3206446093
4655.0  25.3403110179
4656.0  25.3469568312
4657.0  25.3424821147
4658.0  25.3256970298
4659.0  25.3210132059
4660.0  25.3303067656
4661.0  25.3310009486
4662.0  25.3455957557
4663.0  25.3526121698
4664.0  25.3632426937
4665.0  25.3811056185
4666.0  25.395588098
4667.0  25.3994762674
4668.0  25.4040912309
4669.0  25.3736446301
4670.0  25.3685820154
4671.0  25.3607861849
4672.0  25.3340881318
4673.0  25.3298621235
4674.0  25.3432298556
4675.0  25.3395614369
4676.0  25.3330352787
4677.0  25.3314523563
4678.0  25.3317894539
4679.0  25.3400983408
4680.0  25.3194623239
4681.0  25.2963869632
4682.0  25.3210875403
4683.0  25.3333860887
4684.0  25.3391758174
4685.0  25.327922955
4686.0  25.3362294409
4687.0  25.3257208341
4688.0  25.3342555871
4689.0  25.3418032796
4690.0  25.3341076674
4691.0  25.3332064153
4692.0  25.3335180855
4693.0  25.3281435903
4694.0  25.3272680009
4695.0  25.329826655
4696.0  25.3375463675
4697.0  25.3308692798
4698.0  25.3360733322
4699.0  25.3498637647
4700.0  25.3606879611
4701.0  25.3766812017
4702.0  25.3770535475
4703.0  25.3721596973
4704.0  25.3667591667
4705.0  25.367562921
4706.0  25.3374401388
4707.0  25.3271247234
4708.0  25.3279494041
4709.0  25.3467710577
4710.0  25.3389378554
4711.0  25.3406736918
4712.0  25.3268977213
4713.0  25.327815726
4714.0  25.3312671684
4715.0  25.3422483697
4716.0  25.3488841871
4717.0  25.3323834209
4718.0  25.32976156
4719.0  25.3307152875
4720.0  25.3386279345
4721.0  25.3484778847
4722.0  25.3359938669
4723.0  25.3315891526
4724.0  25.3497271429
4725.0  25.3464458912
4726.0  25.3416133959
4727.0  25.3397569715
4728.0  25.340407797
4729.0  25.3283333112
4730.0  25.3356419807
4731.0  25.3314673185
4732.0  25.3416981615
4733.0  25.3412055196
4734.0  25.3405840058
4735.0  25.3508464017
4736.0  25.3446303848
4737.0  25.3379019636
4738.0  25.3336339008
4739.0  25.3369158388
4740.0  25.3318890089
4741.0  25.3377733134
4742.0  25.3300151713
4743.0  25.3466695715
4744.0  25.3472144947
4745.0  25.3588600872
4746.0  25.3743651834
4747.0  25.3481732845
4748.0  25.3710044695
4749.0  25.3696626331
4750.0  25.3710400267
4751.0  25.3890260996
4752.0  25.3629403068
4753.0  25.3586556203
4754.0  25.3535331412
4755.0  25.3455115595
4756.0  25.3405416289
4757.0  25.3349308463
4758.0  25.360154314
4759.0  25.3644102932
4760.0  25.3508187227
4761.0  25.3430486503
4762.0  25.3521670575
4763.0  25.3409585659
4764.0  25.346946256
4765.0  25.3567542303
4766.0  25.3479161542
4767.0  25.3569999932
4768.0  25.3630988492
4769.0  25.3490558116
4770.0  25.3600703476
4771.0  25.3433005321
4772.0  25.3369924876
4773.0  25.3405959964
4774.0  25.3546220619
4775.0  25.3551451851
4776.0  25.3542285429
4777.0  25.3583751329
4778.0  25.3620642499
4779.0  25.3459462742
4780.0  25.3608529435
4781.0  25.3667231544
4782.0  25.3554644999
4783.0  25.3533710767
4784.0  25.3608402474
4785.0  25.3629408127
4786.0  25.3480745465
4787.0  25.3656877558
4788.0  25.355987414
4789.0  25.3532337311
4790.0  25.3652481615
4791.0  25.371289628
4792.0  25.3533626306
4793.0  25.3561462054
4794.0  25.3557282827
4795.0  25.3672730079
4796.0  25.34919196
4797.0  25.3353212576
4798.0  25.3498361127
4799.0  25.3648541919
4800.0  25.3667211021
4801.0  25.365051147
4802.0  25.3679630874
4803.0  25.3492559776
4804.0  25.3396249918
4805.0  25.3512298457
4806.0  25.3596529169
4807.0  25.3581914315
4808.0  25.3603346645
4809.0  25.3618799436
4810.0  25.3558847546
4811.0  25.354390043
4812.0  25.3575895157
4813.0  25.3564867983
4814.0  25.3660403544
4815.0  25.3627667915
4816.0  25.3616018639
4817.0  25.3755519303
4818.0  25.3624800785
4819.0  25.3530801449
4820.0  25.3470418114
4821.0  25.3451992598
4822.0  25.3638068568
4823.0  25.3523581215
4824.0  25.3537872013
4825.0  25.3644517088
4826.0  25.3581034813
4827.0  25.3585008323
4828.0  25.3692406238
4829.0  25.357672501
4830.0  25.351588784
4831.0  25.3548281647
4832.0  25.3572683756
4833.0  25.3501851483
4834.0  25.360765654
4835.0  25.3581919912
4836.0  25.3505679242
4837.0  25.3599473775
4838.0  25.3570444535
4839.0  25.3491588541
4840.0  25.3546930949
4841.0  25.3385099234
4842.0  25.3583357075
4843.0  25.3615519729
4844.0  25.362587503
4845.0  25.3616515977
4846.0  25.3628731144
4847.0  25.3402272548
4848.0  25.3506822031
4849.0  25.3570849811
4850.0  25.3442474896
4851.0  25.329152232
4852.0  25.3506424867
4853.0  25.3600243818
4854.0  25.3504206414
4855.0  25.3484357177
4856.0  25.3428756373
4857.0  25.3324598663
4858.0  25.3352303004
4859.0  25.3451021615
4860.0  25.3375740874
4861.0  25.3287232767
4862.0  25.3106123832
4863.0  25.3213020473
4864.0  25.3458478411
4865.0  25.3463828516
4866.0  25.3518086793
4867.0  25.3511716626
4868.0  25.3487448416
4869.0  25.3513330792
4870.0  25.3432216816
4871.0  25.3378284118
4872.0  25.3542041301
4873.0  25.3647333228
4874.0  25.3688505831
4875.0  25.3690796983
4876.0  25.3648553765
4877.0  25.3675664926
4878.0  25.3718400737
4879.0  25.3544968427
4880.0  25.3657078676
4881.0  25.3589698216
4882.0  25.3435128471
4883.0  25.3544891494
4884.0  25.3583221007
4885.0  25.3492240634
4886.0  25.3470416021
4887.0  25.3577358766
4888.0  25.3619908123
4889.0  25.3515488729
4890.0  25.3691712201
4891.0  25.3542776268
4892.0  25.3587327671
4893.0  25.3735607298
4894.0  25.3822301504
4895.0  25.3692578704
4896.0  25.3693171436
4897.0  25.3655095186
4898.0  25.3621910378
4899.0  25.3683852356
4900.0  25.3841440502
4901.0  25.3758285614
4902.0  25.3637461294
4903.0  25.3550943787
4904.0  25.3603477248
4905.0  25.3769989371
4906.0  25.3629978169
4907.0  25.3524289077
4908.0  25.3604311458
4909.0  25.3729211554
4910.0  25.3604022126
4911.0  25.3602314703
4912.0  25.3616400557
4913.0  25.3800592334
4914.0  25.3722050267
4915.0  25.3716618844
4916.0  25.3700869773
4917.0  25.3753628708
4918.0  25.3606032502
4919.0  25.356503807
4920.0  25.3485760937
4921.0  25.3535989514
4922.0  25.3578970007
4923.0  25.3704258533
4924.0  25.3757623086
4925.0  25.3603633466
4926.0  25.3747970671
4927.0  25.367808595
4928.0  25.3711302976
4929.0  25.3579854572
4930.0  25.3718662217
4931.0  25.3904229757
4932.0  25.3905614482
4933.0  25.3899623277
4934.0  25.3870204438
4935.0  25.3813284885
4936.0  25.3775994907
4937.0  25.3777026013
4938.0  25.3652892518
4939.0  25.3796735525
4940.0  25.3729055856
4941.0  25.3616160582
4942.0  25.3690503256
4943.0  25.3807294199
4944.0  25.3718165592
4945.0  25.3717440211
4946.0  25.3741393588
4947.0  25.3721313275
4948.0  25.3876479634
4949.0  25.3833046435
4950.0  25.3791172313
4951.0  25.3677937751
4952.0  25.3920935131
4953.0  25.3940717134
4954.0  25.3877021688
4955.0  25.3772767996
4956.0  25.3725064348
4957.0  25.3851118046
4958.0  25.3844553616
4959.0  25.3857007685
4960.0  25.3856297528
4961.0  25.3794443989
4962.0  25.3781396511
4963.0  25.3768806776
4964.0  25.3810256798
4965.0  25.3821437165
4966.0  25.3800648897
4967.0  25.3859095798
4968.0  25.3762140707
4969.0  25.3758857102
4970.0  25.3848461692
4971.0  25.3946561075
4972.0  25.3974934677
4973.0  25.4002361277
4974.0  25.415234188
4975.0  25.4739500484
4976.0  25.5902338492
4977.0  25.6914260354
4978.0  25.7493663337
4979.0  25.892649752
4980.0  26.0477615078
4981.0  26.1364351225
4982.0  26.1157922951
4983.0  26.0728060426
4984.0  25.9238481378
4985.0  25.6968032886
4986.0  25.5179683581
4987.0  25.4200182505
4988.0  25.3944561834
4989.0  25.3916334308
4990.0  25.3925973151
4991.0  25.3867635706
4992.0  25.3866347176
4993.0  25.38869324
4994.0  25.4078476299
4995.0  25.4104530535
4996.0  25.3880066597
4997.0  25.3770135294
4998.0  25.3770983123
4999.0  25.3869790951
5000.0  25.3949564532
5001.0  25.38856718
5002.0  25.3855312964
5003.0  25.3721888632
5004.0  25.374390099
5005.0  25.3839041275
5006.0  25.3957523824
5007.0  25.3821055094
5008.0  25.3850241381
5009.0  25.3944518227
5010.0  25.3934784956
5011.0  25.3773273616
5012.0  25.3793844108
5013.0  25.3849841696
5014.0  25.3869283695
5015.0  25.3869076909
5016.0  25.3785496188
5017.0  25.3729525995
5018.0  25.3803071613
5019.0  25.3896353316
5020.0  25.3829968382
5021.0  25.3874029232
5022.0  25.3900655761
5023.0  25.3880449019
5024.0  25.3908526619
5025.0  25.3639567567
5026.0  25.3816873804
5027.0  25.3886898277
5028.0  25.3785679085
5029.0  25.3979069488
5030.0  25.402139709
5031.0  25.3867552301
5032.0  25.3961423277
5033.0  25.3851268493
5034.0  25.3928570202
5035.0  25.4054219908
5036.0  25.3925963458
5037.0  25.3732144995
5038.0  25.3725776804
5039.0  25.3824362424
5040.0  25.3798868585
5041.0  25.3853881795
5042.0  25.3814336751
5043.0  25.376067593
5044.0  25.3974419502
5045.0  25.3905525107
5046.0  25.3932483975
5047.0  25.4111743745
5048.0  25.4064510602
5049.0  25.399140672
5050.0  25.393671742
5051.0  25.3973679733
5052.0  25.4014065092
5053.0  25.4058940829
5054.0  25.4140882221
5055.0  25.409842973
5056.0  25.4073841829
5057.0  25.4064387304
5058.0  25.4111302522
5059.0  25.4260172218
5060.0  25.4291841756
5061.0  25.4257757555
5062.0  25.422793048
5063.0  25.401213111
5064.0  25.4023564339
5065.0  25.4097409156
5066.0  25.4046517019
5067.0  25.3940168497
5068.0  25.3858118197
5069.0  25.4058123526
5070.0  25.4084846078
5071.0  25.4236687928
5072.0  25.3979812744
5073.0  25.3881812217
5074.0  25.3991121091
5075.0  25.4056221254
5076.0  25.4057866946
5077.0  25.3893656355
5078.0  25.3950039298
5079.0  25.4000036715
5080.0  25.4021724647
5081.0  25.3987135806
5082.0  25.4028480903
5083.0  25.4026408969
5084.0  25.3938884798
5085.0  25.3943949122
5086.0  25.4064950833
5087.0  25.4106910488
5088.0  25.411242638
5089.0  25.4083858289
5090.0  25.4110505135
5091.0  25.4247282441
5092.0  25.4104733924
5093.0  25.4101726291
5094.0  25.4139015316
5095.0  25.421513859
5096.0  25.4045588384
5097.0  25.4037243942
5098.0  25.4034559616
5099.0  25.4001371241
5100.0  25.3871934657
5101.0  25.4011226422
5102.0  25.4033436188
5103.0  25.3968629284
5104.0  25.4193026172
5105.0  25.4148669748
5106.0  25.4111760426
5107.0  25.4033587945
5108.0  25.4049135783
5109.0  25.4027884294
5110.0  25.4003805006
5111.0  25.413067066
5112.0  25.415213449
5113.0  25.4039973324
5114.0  25.4181192016
5115.0  25.4240338305
5116.0  25.4150689497
5117.0  25.4018716579
5118.0  25.4089811224
5119.0  25.4258989697
5120.0  25.4276552047
5121.0  25.410939553
5122.0  25.407992187
5123.0  25.3968545141
5124.0  25.4061615754
5125.0  25.4055026737
5126.0  25.4162208661
5127.0  25.4047897398
5128.0  25.3915975002
5129.0  25.4169679267
5130.0  25.4305225865
5131.0  25.4143405797
5132.0  25.4093110642
5133.0  25.4148338319
5134.0  25.4122691498
5135.0  25.4058021068
5136.0  25.4108871894
5137.0  25.419269621
5138.0  25.4011259701
5139.0  25.4001922832
5140.0  25.3949301593
5141.0  25.3897227445
5142.0  25.4035931822
5143.0  25.4147484991
5144.0  25.4239764935
5145.0  25.426728323
5146.0  25.4613598416
5147.0  25.4943277389
5148.0  25.5197152759
5149.0  25.5447600106
5150.0  25.5995993048
5151.0  25.6427757757
5152.0  25.6334752561
5153.0  25.6322456414
5154.0  25.6180971392
5155.0  25.5718172213
5156.0  25.5065274681
5157.0  25.4541601462
5158.0  25.4339421684
5159.0  25.4357975399
5160.0  25.4628286359
5161.0  25.478801635
5162.0  25.4613531883
5163.0  25.4681447641
5164.0  25.441446512
5165.0  25.4099293657
5166.0  25.4020497766
5167.0  25.3910124773
5168.0  25.3849512608
5169.0  25.3815503109
5170.0  25.3842821709
5171.0  25.384502108
5172.0  25.4069860556
5173.0  25.4005660996
5174.0  25.4047573217
5175.0  25.4145962006
5176.0  25.4258409789
5177.0  25.4353004479
5178.0  25.4320727935
5179.0  25.4256386411
5180.0  25.4101546289
5181.0  25.408076296
5182.0  25.3952646646
5183.0  25.4090385942
5184.0  25.4160339689
5185.0  25.424230336
5186.0  25.4634880253
5187.0  25.4912237783
5188.0  25.498136343
5189.0  25.4770604648
5190.0  25.4489819034
5191.0  25.4335257335
5192.0  25.4246870247
5193.0  25.4299500642
5194.0  25.4264403526
5195.0  25.4436132253
5196.0  25.4470962235
5197.0  25.435436724
5198.0  25.443546074
5199.0  25.445002214
5200.0  25.4531476531
5201.0  25.4468156762
5202.0  25.4455866656
5203.0  25.4557159808
5204.0  25.4272292353
5205.0  25.4284311498
5206.0  25.4255217888
5207.0  25.4394493007
5208.0  25.4392174123
5209.0  25.4450246614
5210.0  25.4431544941
5211.0  25.4453341875
5212.0  25.4529821394
5213.0  25.4451265714
5214.0  25.446745861
5215.0  25.4514874477
5216.0  25.4651248318
5217.0  25.4633192661
5218.0  25.4792892286
5219.0  25.4815658541
5220.0  25.5019360938
5221.0  25.5195734699
5222.0  25.4967359962
5223.0  25.4788926419
5224.0  25.4494160908
5225.0  25.4287291753
5226.0  25.4459660216
5227.0  25.4448612731
5228.0  25.4206587855
5229.0  25.4492801217
5230.0  25.453662573
5231.0  25.4481782669
5232.0  25.4443298382
5233.0  25.4397479686
5234.0  25.4516093811
5235.0  25.4416755994
5236.0  25.4404490061
5237.0  25.457917231
5238.0  25.4564691337
5239.0  25.4656636825
5240.0  25.4589575163
5241.0  25.4476663753
5242.0  25.4536862832
5243.0  25.4528069176
5244.0  25.4638929556
5245.0  25.4549654429
5246.0  25.456635674
5247.0  25.4607352473
5248.0  25.45540921
5249.0  25.4601061466
5250.0  25.4722426465
5251.0  25.4738371805
5252.0  25.4813238909
5253.0  25.4750682391
5254.0  25.4853225705
5255.0  25.4704341133
5256.0  25.4753604304
5257.0  25.4874152035
5258.0  25.4725049996
5259.0  25.4678217153
5260.0  25.4745865578
5261.0  25.46630353
5262.0  25.460683903
5263.0  25.441508201
5264.0  25.431870492
5265.0  25.4512233464
5266.0  25.4434758031
5267.0  25.4401142249
5268.0  25.4587473774
5269.0  25.4542778736
5270.0  25.4557524604
5271.0  25.46920015
5272.0  25.4660622672
5273.0  25.4883897078
5274.0  25.4794119214
5275.0  25.4715708891
5276.0  25.4667512639
5277.0  25.4830977486
5278.0  25.4908938392
5279.0  25.4820598257
5280.0  25.4863892907
5281.0  25.4981427553
5282.0  25.511846164
5283.0  25.5251590696
5284.0  25.5433938884
5285.0  25.5531369391
5286.0  25.5498875638
5287.0  25.5694719345
5288.0  25.5653045143
5289.0  25.5586291137
5290.0  25.5325002326
5291.0  25.5087480294
5292.0  25.4894305157
5293.0  25.4930075134
5294.0  25.4729162122
5295.0  25.4820001802
5296.0  25.4714504113
5297.0  25.4617462445
5298.0  25.4594510183
5299.0  25.4619316855
5300.0  25.4700326346
5301.0  25.4865042915
5302.0  25.4823687892
5303.0  25.4713351404
5304.0  25.4730669934
5305.0  25.4854202847
5306.0  25.4810451555
5307.0  25.4734574082
5308.0  25.4916572765
5309.0  25.4893728001
5310.0  25.5053644191
5311.0  25.4905398901
5312.0  25.4887563218
5313.0  25.4813746033
5314.0  25.4752397834
5315.0  25.478967907
5316.0  25.4770443505
5317.0  25.4743312469
5318.0  25.4910836688
5319.0  25.5072434538
5320.0  25.5031560479
5321.0  25.4805931305
5322.0  25.4726680087
5323.0  25.4795810543
5324.0  25.4761332767
5325.0  25.4705589168
5326.0  25.4579822061
5327.0  25.4735589014
5328.0  25.4665574804
5329.0  25.4702987388
5330.0  25.4769956519
5331.0  25.5085003624
5332.0  25.4988957564
5333.0  25.5055910864
5334.0  25.5071712566
5335.0  25.5059543998
5336.0  25.5116468904
5337.0  25.5171285429
5338.0  25.4972554585
5339.0  25.4900017211
5340.0  25.5106989209
5341.0  25.5081941062
5342.0  25.4914468999
5343.0  25.5063436715
5344.0  25.5000210115
5345.0  25.517543084
5346.0  25.5049096858
5347.0  25.5084886547
5348.0  25.5272705278
5349.0  25.5330606593
5350.0  25.5123124681
5351.0  25.5336345858
5352.0  25.5177161534
5353.0  25.5327688497
5354.0  25.52414932
5355.0  25.5254712535
5356.0  25.5399163014
5357.0  25.5463165747
5358.0  25.5250736016
5359.0  25.542242532
5360.0  25.5478799751
5361.0  25.537037478
5362.0  25.5261636881
5363.0  25.5204646722
5364.0  25.5275474329
5365.0  25.5188143784
5366.0  25.513502711
5367.0  25.5234500266
5368.0  25.5327569534
5369.0  25.5309992845
5370.0  25.5204232429
5371.0  25.5369194335
5372.0  25.528739919
5373.0  25.5425770703
5374.0  25.5458901497
5375.0  25.5567706988
5376.0  25.539939802
5377.0  25.5503052218
5378.0  25.5463609753
5379.0  25.534267792
5380.0  25.5392171659
5381.0  25.5333788328
5382.0  25.5453952722
5383.0  25.5379088422
5384.0  25.5433172773
5385.0  25.5468456354
5386.0  25.5613541292
5387.0  25.5494962781
5388.0  25.5351996603
5389.0  25.5297847805
5390.0  25.5465068576
5391.0  25.5217855459
5392.0  25.5210660528
5393.0  25.5471040085
5394.0  25.540211288
5395.0  25.535675317
5396.0  25.533866827
5397.0  25.5334518914
5398.0  25.5205664608
5399.0  25.5335600507
5400.0  25.5451377219
5401.0  25.5514060207
5402.0  25.5284669228
5403.0  25.5281660851
5404.0  25.5380578982
5405.0  25.5132825985
5406.0  25.5189122395
5407.0  25.5289685781
5408.0  25.5334566543
5409.0  25.5417644888
5410.0  25.5474350219
5411.0  25.5455853086
5412.0  25.5435846805
5413.0  25.5397964378
5414.0  25.5521282776
5415.0  25.5431948014
5416.0  25.5627170726
5417.0  25.5651786997
5418.0  25.5623730918
5419.0  25.567858629
5420.0  25.5708786399
5421.0  25.5873194288
5422.0  25.5882517089
5423.0  25.5598447687
5424.0  25.5592569998
5425.0  25.5683257935
5426.0  25.5404841312
5427.0  25.5507926588
5428.0  25.5441953143
5429.0  25.556126402
5430.0  25.553368399
5431.0  25.5620911449
5432.0  25.5406891415
5433.0  25.5486592142
5434.0  25.5677807833
5435.0  25.5680805833
5436.0  25.5592549418
5437.0  25.579835007
5438.0  25.5869263702
5439.0  25.5977081383
5440.0  25.5987571501
5441.0  25.5941298163
5442.0  25.588851066
5443.0  25.5865117606
5444.0  25.575233522
5445.0  25.5751114298
5446.0  25.5752131678
5447.0  25.5731655131
5448.0  25.5718069548
5449.0  25.5937896573
5450.0  25.5973905171
5451.0  25.6172192343
5452.0  25.6138178652
5453.0  25.605584232
5454.0  25.6017151825
5455.0  25.5753579471
5456.0  25.5776153247
5457.0  25.5911517214
5458.0  25.5866457463
5459.0  25.5934639452
5460.0  25.5877603267
5461.0  25.5674836917
5462.0  25.5616295531
5463.0  25.5610378706
5464.0  25.5652714175
5465.0  25.5722580244
5466.0  25.56483885
5467.0  25.5693087425
5468.0  25.5791026302
5469.0  25.5889377834
5470.0  25.5955523246
5471.0  25.579655908
5472.0  25.5683526582
5473.0  25.5647518461
5474.0  25.5790328393
5475.0  25.5758913387
5476.0  25.5565162576
5477.0  25.5573707046
5478.0  25.5593923599
5479.0  25.5834442922
5480.0  25.5706164114
5481.0  25.5777326946
5482.0  25.5762436748
5483.0  25.5688035085
5484.0  25.5764934592
5485.0  25.5826381239
5486.0  25.5592310832
5487.0  25.5838762699
5488.0  25.5788584305
5489.0  25.5839452513
5490.0  25.5793912902
5491.0  25.6013606177
5492.0  25.6183176132
5493.0  25.6541647596
5494.0  25.6781774579
5495.0  25.6921329558
5496.0  25.6985020128
5497.0  25.6803873563
5498.0  25.65719316
5499.0  25.6079143487
5500.0  25.5979901735
5501.0  25.585892647
5502.0  25.5834014141
5503.0  25.5847040627
5504.0  25.5921868343
5505.0  25.5938475226
5506.0  25.6125211657
5507.0  25.6076862614
5508.0  25.5879653631
5509.0  25.6018091004
5510.0  25.5947854436
5511.0  25.5881960248
5512.0  25.5791508872
5513.0  25.5802574999
5514.0  25.584615502
5515.0  25.5899146902
5516.0  25.5914737968
5517.0  25.6092105947
5518.0  25.600409238
5519.0  25.6030002064
5520.0  25.6100587815
5521.0  25.598034713
5522.0  25.606107015
5523.0  25.6049733806
5524.0  25.5987038141
5525.0  25.5885290569
5526.0  25.6059873316
5527.0  25.6108240987
5528.0  25.5959947951
5529.0  25.5884404896
5530.0  25.6127723468
5531.0  25.6354372134
5532.0  25.6117237174
5533.0  25.5902117785
5534.0  25.6056683278
5535.0  25.6125480668
5536.0  25.5997332536
5537.0  25.5972584579
5538.0  25.6043378364
5539.0  25.6096495853
5540.0  25.6151396749
5541.0  25.6188863463
5542.0  25.6132322651
5543.0  25.6192856415
5544.0  25.6105811343
5545.0  25.6042984272
5546.0  25.620699266
5547.0  25.6074926823
5548.0  25.6411715372
5549.0  25.6228773222
5550.0  25.6157638894
5551.0  25.5959366707
5552.0  25.6251150706
5553.0  25.6132562606
5554.0  25.6125838619
5555.0  25.6384318993
5556.0  25.6929946142
5557.0  25.7371203876
5558.0  25.771473197
5559.0  25.7747954204
5560.0  25.758526145
5561.0  25.706881464
5562.0  25.6552505441
5563.0  25.6266590787
5564.0  25.6289736809
5565.0  25.6231205259
5566.0  25.6271883571
5567.0  25.6289447615
5568.0  25.622233754
5569.0  25.6228421367
5570.0  25.6522873129
5571.0  25.6572108778
5572.0  25.6634240513
5573.0  25.6673735838
5574.0  25.6685636321
5575.0  25.6571167808
5576.0  25.6227867318
5577.0  25.6243160396
5578.0  25.6343563269
5579.0  25.6325225164
5580.0  25.6256724385
5581.0  25.6455118897
5582.0  25.6321818857
5583.0  25.6300013262
5584.0  25.6392643038
5585.0  25.6357445404
5586.0  25.6377638994
5587.0  25.6313645662
5588.0  25.6319002793
5589.0  25.6329000448
5590.0  25.6287470552
5591.0  25.6447549094
5592.0  25.6382608425
5593.0  25.6362402773
5594.0  25.6304741332
5595.0  25.6421020353
5596.0  25.6345972654
5597.0  25.6465636343
5598.0  25.6438040454
5599.0  25.6373904303
5600.0  25.6451855151
5601.0  25.6420595905
5602.0  25.6460417623
5603.0  25.6679110357
5604.0  25.733905041
5605.0  25.7799946272
5606.0  25.815648745
5607.0  25.804664063
5608.0  25.7799382793
5609.0  25.7394882173
5610.0  25.6896595594
5611.0  25.6503982785
5612.0  25.6427304363
5613.0  25.6582481238
5614.0  25.6672919575
5615.0  25.6590424697
5616.0  25.6344625485
5617.0  25.640778858
5618.0  25.6506483298
5619.0  25.6696078366
5620.0  25.6625673774
5621.0  25.6651324228
5622.0  25.6649086259
5623.0  25.6663448351
5624.0  25.6664913142
5625.0  25.6579134146
5626.0  25.6683533592
5627.0  25.6648886049
5628.0  25.6666703685
5629.0  25.673568601
5630.0  25.6669618088
5631.0  25.6704119886
5632.0  25.6751139652
5633.0  25.6817650285
5634.0  25.6684586771
5635.0  25.6588156868
5636.0  25.6565240604
5637.0  25.6621353791
5638.0  25.6477642426
5639.0  25.6701800026
5640.0  25.6803150662
5641.0  25.6834300674
5642.0  25.6734676113
5643.0  25.6792261526
5644.0  25.6796622546
5645.0  25.6792644791
5646.0  25.6916987608
5647.0  25.7032024369
5648.0  25.7335868863
5649.0  25.7402916613
5650.0  25.7602293094
5651.0  25.7568978974
5652.0  25.7393176016
5653.0  25.7264733206
5654.0  25.6955853783
5655.0  25.6806691819
5656.0  25.6740999132
5657.0  25.6729332726
5658.0  25.6641555574
5659.0  25.6704203328
5660.0  25.6944353512
5661.0  25.6751573464
5662.0  25.6801954139
5663.0  25.6893637915
5664.0  25.6867874635
5665.0  25.6948404287
5666.0  25.6865120165
5667.0  25.6985233974
5668.0  25.6911544753
5669.0  25.6936462272
5670.0  25.6976831771
5671.0  25.7031472123
5672.0  25.6942889467
5673.0  25.6940710902
5674.0  25.6888887423
5675.0  25.701545138
5676.0  25.7216203498
5677.0  25.7818882467
5678.0  26.0556719662
5679.0  26.968010195
5680.0  28.5749750513
5681.0  29.9623056521
5682.0  30.6346387996
5683.0  30.8770928196
5684.0  31.0731525039
5685.0  31.989026631
5686.0  33.7713524633
5687.0  35.2065937028
5688.0  35.6128381173
5689.0  34.7550830353
5690.0  32.3836365068
5691.0  29.2519809704
5692.0  26.9718944787
5693.0  26.0799943619
5694.0  25.8257298345
5695.0  25.7718577897
5696.0  25.7436868161
5697.0  25.7420045712
5698.0  25.7384095714
5699.0  25.7383280033
5700.0  25.7233570791
5701.0  25.7202777995
5702.0  25.7204986365
5703.0  25.712936746
5704.0  25.7293657137
5705.0  25.7214510173
5706.0  25.7311496298
5707.0  25.7106031118
5708.0  25.7018246316
5709.0  25.7071626882
5710.0  25.7106526446
5711.0  25.7215286854
5712.0  25.7206230146
5713.0  25.718993419
5714.0  25.7195405282
5715.0  25.718956005
5716.0  25.7349382554
5717.0  25.7359408208
5718.0  25.7281310488
5719.0  25.7531194486
5720.0  25.7467151812
5721.0  25.7531792628
5722.0  25.7401991144
5723.0  25.7395994786
5724.0  25.7492713373
5725.0  25.764818879
5726.0  25.7624826402
5727.0  25.7698657513
5728.0  25.768659336
5729.0  25.7469790869
5730.0  25.7517126201
5731.0  25.7672129799
5732.0  25.7726382844
5733.0  25.7495243146
5734.0  25.7604898714
5735.0  25.7636086525
5736.0  25.768543364
5737.0  25.7883252675
5738.0  25.8028556193
5739.0  25.822110499
5740.0  25.8256598826
5741.0  25.8222972346
5742.0  25.8045254884
5743.0  25.7961946832
5744.0  25.7905324033
5745.0  25.7846310254
5746.0  25.7736491237
5747.0  25.8022505185
5748.0  25.787745954
5749.0  25.8081118236
5750.0  25.8135813337
5751.0  25.8173888299
5752.0  25.810916822
5753.0  25.8220091903
5754.0  25.8066004185
5755.0  25.8008773983
5756.0  25.8223836709
5757.0  25.8172611868
5758.0  25.8322406248
5759.0  25.8380411312
5760.0  25.8303048292
5761.0  25.8278232031
5762.0  25.8198517856
5763.0  25.8200227383
5764.0  25.8351260656
5765.0  25.8541777623
5766.0  25.8516492103
5767.0  25.8525445316
5768.0  25.864429029
5769.0  25.8719876391
5770.0  25.8801222972
5771.0  25.8707336974
5772.0  25.8958049237
5773.0  25.8995341039
5774.0  25.9084932851
5775.0  25.8946360968
5776.0  25.8743537401
5777.0  25.8887158261
5778.0  25.8944545909
5779.0  25.9306413671
5780.0  25.8947068838
5781.0  25.8991504079
5782.0  25.9295848691
5783.0  25.8982057711
5784.0  25.888843572
5785.0  25.9011268358
5786.0  25.9248809156
5787.0  25.9368557356
5788.0  25.9588946424
5789.0  25.9509631439
5790.0  25.9536832056
5791.0  25.9640774698
5792.0  25.9595688095
5793.0  25.9555673229
5794.0  25.9970435162
5795.0  25.9917221266
5796.0  26.0046656415
5797.0  26.0021402181
5798.0  26.0233025641
5799.0  26.0128717782
5800.0  26.0021230829
5801.0  26.0456789332
5802.0  26.0642604746
5803.0  26.0707846605
5804.0  26.0896386281
5805.0  26.0803634457
5806.0  26.0734599559
5807.0  26.0988490785
5808.0  26.1004257872
5809.0  26.0947375979
5810.0  26.1129680369
5811.0  26.1024214994
5812.0  26.1414543689
5813.0  26.1390886433
5814.0  26.1514635678
5815.0  26.1659758714
5816.0  26.1499303829
5817.0  26.1586057954
5818.0  26.1543178548
5819.0  26.1795395945
5820.0  26.1842369509
5821.0  26.2094717072
5822.0  26.2098248761
5823.0  26.2276010243
5824.0  26.2319744618
5825.0  26.2545035256
5826.0  26.2665067556
5827.0  26.2650240074
5828.0  26.2761269175
5829.0  26.2832092712
5830.0  26.3054678107
5831.0  26.3241986256
5832.0  26.3577002021
5833.0  26.3982225464
5834.0  26.4181299015
5835.0  26.4163358705
5836.0  26.4543766899
5837.0  26.4467564721
5838.0  26.4755955439
5839.0  26.4692750753
5840.0  26.4694222943
5841.0  26.5322562907
5842.0  26.5326169898
5843.0  26.5565231014
5844.0  26.5744033071
5845.0  26.6009393105
5846.0  26.6291151193
5847.0  26.6154671362
5848.0  26.6406829998
5849.0  26.6765454752
5850.0  26.6886843007
5851.0  26.7360541193
5852.0  26.7586633905
5853.0  26.7394920018
5854.0  26.8301623412
5855.0  26.8547035024
5856.0  26.8618396548
5857.0  26.8822568732
5858.0  26.9466525317
5859.0  26.9941617946
5860.0  27.0468302237
5861.0  27.0676733113
5862.0  27.1061982296
5863.0  27.1541670055
5864.0  27.2228629232
5865.0  27.3048755351
5866.0  27.3269994943
5867.0  27.44038876
5868.0  27.5418015786
5869.0  27.6261845067
5870.0  27.7370346509
5871.0  27.8380448729
5872.0  28.0121663059
5873.0  28.1905922775
5874.0  28.3381139881
5875.0  28.6077064005
5876.0  28.8631043797
5877.0  29.1885379483
5878.0  29.5030861909
5879.0  29.9773965459
5880.0  30.4910486481
5881.0  31.3484416003
5882.0  33.178267915
5883.0  39.1206763226
5884.0  65.8877088508
5885.0  193.152123482
5886.0  630.352541191
5887.0  1499.78227201
5888.0  2435.2247093
5889.0  2963.63482454
5890.0  3047.16455639
5891.0  2798.30467447
5892.0  2386.16649155
5893.0  2233.27171015
5894.0  2505.92836702
5895.0  2787.18200637
5896.0  2782.64610805
5897.0  2417.78722035
5898.0  1642.66330401
5899.0  775.107257533
5900.0  250.916246045
5901.0  80.6276039149
5902.0  44.1817685408
5903.0  35.5748227726
5904.0  32.9649778038
5905.0  31.706276478
5906.0  30.8194475081
5907.0  30.1791138805
5908.0  29.7097575492
5909.0  29.356177128
5910.0  29.0877636541
5911.0  28.8331183844
5912.0  28.5665610565
5913.0  28.2806032845
5914.0  28.0984344913
5915.0  27.9179893838
5916.0  27.8092653605
5917.0  27.6939246126
5918.0  27.5783641873
5919.0  27.4508498257
5920.0  27.4140830318
5921.0  27.3431607828
5922.0  27.2957939368
5923.0  27.2247269348
5924.0  27.1751297605
5925.0  27.1352442653
5926.0  27.1344223141
5927.0  27.1178666888
5928.0  27.0788915947
5929.0  27.0659187098
5930.0  27.0184464968
5931.0  26.9450651456
5932.0  26.8834211225
5933.0  26.8492495966
5934.0  26.8134249718
5935.0  26.7920925824
5936.0  26.7792726465
5937.0  26.7220172082
5938.0  26.6691274767
5939.0  26.6380568173
5940.0  26.6398068247
5941.0  26.6137678842
5942.0  26.5751550417
5943.0  26.5479954706
5944.0  26.5381680374
5945.0  26.5108960779
5946.0  26.4854139227
5947.0  26.4531835595
5948.0  26.437067413
5949.0  26.4017325747
5950.0  26.4099655202
5951.0  26.4264100026
5952.0  26.3888714639
5953.0  26.3465490591
5954.0  26.3374411062
5955.0  26.3571044827
5956.0  26.3408331584
5957.0  26.3044405738
5958.0  26.3003640456
5959.0  26.2819253958
5960.0  26.264905237
5961.0  26.2781154918
5962.0  26.2760483691
5963.0  26.249890449
5964.0  26.2256594662
5965.0  26.2019020486
5966.0  26.1928684286
5967.0  26.1599990715
5968.0  26.1695085538
5969.0  26.1599144269
5970.0  26.1426439048
5971.0  26.1244620072
5972.0  26.1532402274
5973.0  26.1530631414
5974.0  26.1071850344
5975.0  26.1295337141
5976.0  26.1150609482
5977.0  26.0844773334
5978.0  26.0645433594
5979.0  26.0745959316
5980.0  26.0707181764
5981.0  26.0893543455
5982.0  26.0777092583
5983.0  26.1017772647
5984.0  26.0679243889
5985.0  26.0424044585
5986.0  26.0646863111
5987.0  26.1093122652
5988.0  26.087233395
5989.0  26.0840648023
5990.0  26.0379990581
5991.0  26.0387969601
5992.0  26.0382058636
5993.0  26.0272546813
5994.0  26.0496426417
5995.0  26.025105235
5996.0  26.0198691066
5997.0  26.048626252
5998.0  26.0456155238
5999.0  26.0128684189
6000.0  26.0174111681
6001.0  26.0127873493
6002.0  26.0095994876
6003.0  25.9857372194
6004.0  25.9736114829
6005.0  25.9570380793
6006.0  25.9765882023
6007.0  25.9666111138
6008.0  25.979494112
6009.0  25.9824245262
6010.0  25.969062707
6011.0  25.9597102901
6012.0  25.9708869448
6013.0  25.9636273427
6014.0  25.9887484903
6015.0  25.9685929193
6016.0  25.9742181647
6017.0  25.9438339773
6018.0  25.9322947732
6019.0  25.9335147949
6020.0  25.920290135
6021.0  25.9191569069
6022.0  25.9533692211
6023.0  25.9637189278
6024.0  25.9716798266
6025.0  25.9395129411
6026.0  25.9526244288
6027.0  25.978300816
6028.0  26.0271507357
6029.0  26.1167118703
6030.0  26.2717340375
6031.0  26.3886213676
6032.0  26.4205028738
6033.0  26.3771141697
6034.0  26.2537019222
6035.0  26.0885984386
6036.0  25.9618891945
6037.0  25.9393687557
6038.0  25.9259391872
6039.0  25.9235826676
6040.0  25.9755695042
6041.0  26.0138646612
6042.0  26.0652285304
6043.0  26.0808865496
6044.0  26.0570355759
6045.0  26.0218172122
6046.0  25.9655924644
6047.0  25.9193048158
6048.0  25.9066623482
6049.0  25.9095456923
6050.0  25.9296523472
6051.0  25.9294649812
6052.0  25.9106787604
6053.0  25.9066443725
6054.0  25.9288389578
6055.0  25.9176053644
6056.0  25.9395468673
6057.0  25.9529787249
6058.0  25.953281028
6059.0  25.9708857478
6060.0  25.9646790983
6061.0  25.9225022446
6062.0  25.910663317
6063.0  25.9067673538
6064.0  25.8830117123
6065.0  25.8706999119
6066.0  25.8755691498
6067.0  25.8478123623
6068.0  25.8663100187
6069.0  25.8764030617
6070.0  25.8675575641
6071.0  25.8725103979
6072.0  25.8627302165
6073.0  25.8591991361
6074.0  25.8728534431
6075.0  25.8495021897
6076.0  25.8489849465
6077.0  25.8387972617
6078.0  25.8492125952
6079.0  25.8503789723
6080.0  25.8417564617
6081.0  25.8497329254
6082.0  25.8444823566
6083.0  25.8362126303
6084.0  25.8538073966
6085.0  25.8305356724
6086.0  25.8432239159
6087.0  25.8360986537
6088.0  25.8385943024
6089.0  25.8482803943
6090.0  25.8488008248
6091.0  25.8469086907
6092.0  25.8380823082
6093.0  25.8643362895
6094.0  25.8536366649
6095.0  25.8489916595
6096.0  25.8587357527
6097.0  25.8569645497
6098.0  25.8597953845
6099.0  25.8769259062
6100.0  25.8740499866
6101.0  25.8558227815
6102.0  25.8537170801
6103.0  25.8605380892
6104.0  25.8775875372
6105.0  25.8964019128
6106.0  25.87701337
6107.0  25.8704294131
6108.0  25.8577191133
6109.0  25.8722351441
6110.0  25.8648691982
6111.0  25.8457269377
6112.0  25.8510623885
6113.0  25.8348594419
6114.0  25.815365674
6115.0  25.8224945075
6116.0  25.8120751569
6117.0  25.8137568824
6118.0  25.8145254872
6119.0  25.8170094854
6120.0  25.8166268749
6121.0  25.797785729
6122.0  25.8122161103
6123.0  25.823756998
6124.0  25.8083275821
6125.0  25.8128156245
6126.0  25.8214296061
6127.0  25.8335736747
6128.0  25.8526077553
6129.0  25.8403255522
6130.0  25.8211582097
6131.0  25.8103348126
6132.0  25.815992413
6133.0  25.7928667272
6134.0  25.8186132376
6135.0  25.8233493628
6136.0  25.8032489157
6137.0  25.7921716563
6138.0  25.7978206964
6139.0  25.8099619851
6140.0  25.8089185485
6141.0  25.8304648372
6142.0  25.8291882469
6143.0  25.851641815
6144.0  25.8617690153
6145.0  25.8722483948
6146.0  25.863533168
6147.0  25.8584030566
6148.0  25.8546563362
6149.0  25.848703858
6150.0  25.9796733253
6151.0  26.3071233146
6152.0  26.772467287
6153.0  27.0914439564
6154.0  27.2145547505
6155.0  27.1069266597
6156.0  26.9592009183
6157.0  26.9655084637
6158.0  27.4504196374
6159.0  28.1140143218
6160.0  28.5091216985
6161.0  28.4765109418
6162.0  28.0599570099
6163.0  27.2577734855
6164.0  26.4205480247
6165.0  25.9934289796
6166.0  25.8520562915
6167.0  25.8446145685
6168.0  25.8467875898
6169.0  25.8568100075
6170.0  25.8638429646
6171.0  25.8825614715
6172.0  25.8863458971
6173.0  25.8644736225
6174.0  25.8441668991
6175.0  25.8420444274
6176.0  25.8261988197
6177.0  25.7994510121
6178.0  25.795659062
6179.0  25.8008595246
6180.0  25.817724794
6181.0  25.7941264887
6182.0  25.800806262
6183.0  25.8109597393
6184.0  25.8068253156
6185.0  25.7860512625
6186.0  25.7830243596
6187.0  25.7812648982
6188.0  25.7885001683
6189.0  25.78480782
6190.0  25.7830786444
6191.0  25.790050542
6192.0  25.7971203593
6193.0  25.7813095471
6194.0  25.792257932
6195.0  25.8007933954
6196.0  25.8011306381
6197.0  25.8022751297
6198.0  25.7956562942
6199.0  25.7909443869
6200.0  25.8113456832
6201.0  25.8105766079
6202.0  25.8086870704
6203.0  25.7766290135
6204.0  25.7666721693
6205.0  25.7758329384
6206.0  25.798530109
6207.0  25.8033394679
6208.0  25.8085123826
6209.0  25.8079938294
6210.0  25.8329576436
6211.0  25.8355168386
6212.0  25.8437067377
6213.0  25.8591025082
6214.0  25.8438410264
6215.0  25.8440789639
6216.0  25.8148760512
6217.0  25.8080034891
6218.0  25.8081145323
6219.0  25.779437554
6220.0  25.7885836457
6221.0  25.7749664325
6222.0  25.7858707271
6223.0  25.7845214428
6224.0  25.7828960413
6225.0  25.7774243001
6226.0  25.7742243724
6227.0  25.7702568506
6228.0  25.7468899049
6229.0  25.7662073836
6230.0  25.7368549455
6231.0  25.7541399269
6232.0  25.7631122828
6233.0  25.7689709303
6234.0  25.7707539802
6235.0  25.7720323113
6236.0  25.7894043429
6237.0  25.7836980615
6238.0  25.7753157129
6239.0  25.7899618588
6240.0  25.7778470379
6241.0  25.7664699755
6242.0  25.7709755577
6243.0  25.7733101886
6244.0  25.7640836049
6245.0  25.7604457011
6246.0  25.7557234726
6247.0  25.7764443264
6248.0  25.7641137306
6249.0  25.7687956097
6250.0  25.772100414
6251.0  25.7677246159
6252.0  25.7699199266
6253.0  25.7708895352
6254.0  25.7595301484
6255.0  25.7449017391
6256.0  25.7497091505
6257.0  25.749464135
6258.0  25.7564731082
6259.0  25.7541093424
6260.0  25.7581216031
6261.0  25.7590822762
6262.0  25.7831027988
6263.0  25.7785228443
6264.0  25.7652926297
6265.0  25.7719758981
6266.0  25.7731000922
6267.0  25.7586758923
6268.0  25.766775331
6269.0  25.7880560729
6270.0  25.7729560115
6271.0  25.7452583951
6272.0  25.7525009742
6273.0  25.7513560926
6274.0  25.7389905278
6275.0  25.7336615225
6276.0  25.7148269221
6277.0  25.6807910501
6278.0  25.6798805821
6279.0  25.6837020195
6280.0  25.6941679581
6281.0  25.6939649073
6282.0  25.705059154
6283.0  25.7232052861
6284.0  25.7209146949
6285.0  25.7462104266
6286.0  25.7409216506
6287.0  25.7332306848
6288.0  25.7305669291
6289.0  25.736660617
6290.0  25.7278274702
6291.0  25.7359558627
6292.0  25.7272865505
6293.0  25.7515087477
6294.0  25.7800033526
6295.0  25.7779114609
6296.0  25.7736879656
6297.0  25.7769996211
6298.0  25.7426013822
6299.0  25.7391663709
6300.0  25.73524667
6301.0  25.7301276724
6302.0  25.7427769381
6303.0  25.7400257016
6304.0  25.756155025
6305.0  25.7957640188
6306.0  25.8039565249
6307.0  25.806827556
6308.0  25.8153186009
6309.0  25.8030772747
6310.0  25.7850167271
6311.0  25.7431898175
6312.0  25.7681039814
6313.0  25.7381483225
6314.0  25.720776572
6315.0  25.718264577
6316.0  25.7190713946
6317.0  25.7117478008
6318.0  25.7193552968
6319.0  25.7385664481
6320.0  25.7466914496
6321.0  25.7307813338
6322.0  25.736167086
6323.0  25.7605681531
6324.0  25.7630742866
6325.0  25.7599485001
6326.0  25.7681405801
6327.0  25.769076899
6328.0  25.7615328442
6329.0  25.7570567255
6330.0  25.7642254767
6331.0  25.7523486274
6332.0  25.7717734989
6333.0  25.7456790684
6334.0  25.7518076382
6335.0  25.752808151
6336.0  25.759196818
6337.0  25.7482882456
6338.0  25.7419495648
6339.0  25.7646013995
6340.0  25.7575796269
6341.0  25.7495593029
6342.0  25.7362103955
6343.0  25.7600959715
6344.0  25.7589270774
6345.0  25.7660486571
6346.0  25.7633650703
6347.0  25.7470220782
6348.0  25.7556391763
6349.0  25.7704869204
6350.0  25.7702290939
6351.0  25.7748369645
6352.0  25.7610996809
6353.0  25.7719833573
6354.0  25.7732311733
6355.0  25.7704859692
6356.0  25.7655445294
6357.0  25.7556838171
6358.0  25.7637871017
6359.0  25.7669483489
6360.0  25.7578487248
6361.0  25.7521461002
6362.0  25.7770339298
6363.0  25.791635235
6364.0  25.791642367
6365.0  25.7823921034
6366.0  25.7778556231
6367.0  25.8115032129
6368.0  25.8238543445
6369.0  25.8062518024
6370.0  25.8186270656
6371.0  25.7944116589
6372.0  25.7823054188
6373.0  25.7851226069
6374.0  25.7702902866
6375.0  25.7768589422
6376.0  25.7814343436
6377.0  25.7870552644
6378.0  25.7835354342
6379.0  25.7568862895
6380.0  25.7820283578
6381.0  25.7944992628
6382.0  25.826704206
6383.0  25.8402161299
6384.0  25.8603778222
6385.0  25.8534705705
6386.0  25.8482293444
6387.0  25.8251740342
6388.0  25.8142433825
6389.0  25.7840734604
6390.0  25.785976628
6391.0  25.7804753717
6392.0  25.7804387622
6393.0  25.7611898743
6394.0  25.7682475557
6395.0  25.7566973263
6396.0  25.763336315
6397.0  25.7750156597
6398.0  25.7743303997
6399.0  25.7584055884
6400.0  25.7597984328
6401.0  25.7636603264
6402.0  25.7739296229
6403.0  25.7591395154
6404.0  25.7817882418
6405.0  25.7825997467
6406.0  25.7893372426
6407.0  25.7826594119
6408.0  25.7709853642
6409.0  25.7660776144
6410.0  25.7717635492
6411.0  25.7761668488
6412.0  25.8208722292
6413.0  25.9207789901
6414.0  26.073291451
6415.0  26.194302798
6416.0  26.2177926208
6417.0  26.1880501875
6418.0  26.0943071713
6419.0  25.9456990692
6420.0  25.8213150622
6421.0  25.7858423936
6422.0  25.7941378022
6423.0  25.7938859586
6424.0  25.7881168649
6425.0  25.7762702932
6426.0  25.7848240429
6427.0  25.7740638974
6428.0  25.7631512027
6429.0  25.7688755411
6430.0  25.7792585145
6431.0  25.7836364712
6432.0  25.7783330991
6433.0  25.7805145376
6434.0  25.7811756397
6435.0  25.7710699653
6436.0  25.7575327184
6437.0  25.7738559656
6438.0  25.7784375272
6439.0  25.7544086154
6440.0  25.7657960365
6441.0  25.7761164496
6442.0  25.7802371626
6443.0  25.7737248931
6444.0  25.7785510347
6445.0  25.7813894679
6446.0  25.7729232366
6447.0  25.786855898
6448.0  25.7790078268
6449.0  25.766471943
6450.0  25.7726705532
6451.0  25.7701455076
6452.0  25.7831211622
6453.0  25.7686956066
6454.0  25.7780620724
6455.0  25.7648813301
6456.0  25.7718595913
6457.0  25.7739819016
6458.0  25.7603827727
6459.0  25.7552344997
6460.0  25.76103956
6461.0  25.7493374844
6462.0  25.7476911636
6463.0  25.7565960053
6464.0  25.7531400984
6465.0  25.7570597687
6466.0  25.7591175317
6467.0  25.751069109
6468.0  25.7434043874
6469.0  25.7415271563
6470.0  25.7204382599
6471.0  25.7285852204
6472.0  25.7401186682
6473.0  25.7255424886
6474.0  25.7296222617
6475.0  25.7137719707
6476.0  25.7136658076
6477.0  25.7189927918
6478.0  25.720967772
6479.0  25.7463837437
6480.0  25.7404267689
6481.0  25.7289312896
6482.0  25.7401092279
6483.0  25.7311283238
6484.0  25.7319033205
6485.0  25.7379218197
6486.0  25.728833036
6487.0  25.733037288
6488.0  25.7267686768
6489.0  25.7403501961
6490.0  25.7340338525
6491.0  25.7206840455
6492.0  25.7152237785
6493.0  25.6997303604
6494.0  25.7135205267
6495.0  25.7145152138
6496.0  25.7038828479
6497.0  25.7045987978
6498.0  25.7388092179
6499.0  25.7611017672
6500.0  25.753515735
6501.0  25.7583473836
6502.0  25.7572442241
6503.0  25.7625601185
6504.0  25.7702008286
6505.0  25.7556488784
6506.0  25.7650196928
6507.0  25.7564776548
6508.0  25.7555285895
6509.0  25.7485367542
6510.0  25.7496039741
6511.0  25.7436509972
6512.0  25.7429541896
6513.0  25.7356323361
6514.0  25.7274969447
6515.0  25.7073004967
6516.0  25.6939991757
6517.0  25.6896008729
6518.0  25.6926715057
6519.0  25.7076664343
6520.0  25.7327074615
6521.0  25.7460659119
6522.0  25.7351646232
6523.0  25.7410036851
6524.0  25.7359094509
6525.0  25.7373404716
6526.0  25.7357637603
6527.0  25.7581956768
6528.0  25.7484845188
6529.0  25.7529545048
6530.0  25.7378545194
6531.0  25.7404613356
6532.0  25.7344191749
6533.0  25.7391495464
6534.0  25.753089629
6535.0  25.7681937941
6536.0  25.7494089094
6537.0  25.7646683864
6538.0  25.7866546906
6539.0  25.7795423326
6540.0  25.7645372091
6541.0  25.7476489901
6542.0  25.7443048814
6543.0  25.7388516841
6544.0  25.7278413241
6545.0  25.7136735921
6546.0  25.7130451599
6547.0  25.7158685355
6548.0  25.7295042193
6549.0  25.7422220487
6550.0  25.7118931136
6551.0  25.7140357697
6552.0  25.7127279944
6553.0  25.7114413742
6554.0  25.6998590489
6555.0  25.6996471012
6556.0  25.7153808338
6557.0  25.6947084138
6558.0  25.6836042944
6559.0  25.6667350867
6560.0  25.6424093625
6561.0  25.6244980224
6562.0  25.6052704598
6563.0  25.6210134538
6564.0  25.6449727346
6565.0  25.6543435068
6566.0  25.6817282392
6567.0  25.6827672078
6568.0  25.6811240461
6569.0  25.7145601626
6570.0  25.7193927938
6571.0  25.7111974475
6572.0  25.7109689651
6573.0  25.7145914328
6574.0  25.7160558353
6575.0  25.7227427621
6576.0  25.7343671295
6577.0  25.7378703165
6578.0  25.7377709897
6579.0  25.7463786838
6580.0  25.7352582361
6581.0  25.7371085722
6582.0  25.72451976
6583.0  25.7296968234
6584.0  25.7402726154
6585.0  25.7343872536
6586.0  25.7324078243
6587.0  25.730668987
6588.0  25.7511346161
6589.0  25.7550194935
6590.0  25.7448901456
6591.0  25.729792685
6592.0  25.7285491561
6593.0  25.741317909
6594.0  25.7307574476
6595.0  25.7267132493
6596.0  25.7217606394
6597.0  25.7363354274
6598.0  25.7364641455
6599.0  25.7475176431
6600.0  25.731150128
6601.0  25.7419968248
6602.0  25.7656397044
6603.0  25.7928298068
6604.0  25.8135056913
6605.0  25.8325022647
6606.0  25.7962414976
6607.0  25.7681663811
6608.0  25.7522143343
6609.0  25.7540446495
6610.0  25.7431911394
6611.0  25.7401537238
6612.0  25.7462258228
6613.0  25.7366057429
6614.0  25.7536894905
6615.0  25.7477564885
6616.0  25.7566018678
6617.0  25.7632421706
6618.0  25.7493947691
6619.0  25.7307238193
6620.0  25.7334219365
6621.0  25.7517532036
6622.0  25.7432163173
6623.0  25.7319677814
6624.0  25.742148103
6625.0  25.746684613
6626.0  25.7528361532
6627.0  25.7468818039
6628.0  25.7649504653
6629.0  25.7349902544
6630.0  25.7450545854
6631.0  25.7409753929
6632.0  25.7353704964
6633.0  25.7590990926
6634.0  25.7461225076
6635.0  25.7365002565
6636.0  25.7212424198
6637.0  25.7341318399
6638.0  25.7452264032
6639.0  25.7351755505
6640.0  25.7396984153
6641.0  25.745135845
6642.0  25.7307714058
6643.0  25.7300154947
6644.0  25.7111817292
6645.0  25.7244288084
6646.0  25.7476345951
6647.0  25.7412723107
6648.0  25.7325734475
6649.0  25.7395947389
6650.0  25.7459875884
6651.0  25.7301467653
6652.0  25.7396558491
6653.0  25.7326271607
6654.0  25.7375078082
6655.0  25.7494065853
6656.0  25.7633714329
6657.0  25.7509148136
6658.0  25.7519525789
6659.0  25.7576276761
6660.0  25.755784115
6661.0  25.7628831704
6662.0  25.7681878562
6663.0  25.7617772162
6664.0  25.7689160004
6665.0  25.7445147468
6666.0  25.7354261138
6667.0  25.746445872
6668.0  25.7435470871
6669.0  25.7376142729
6670.0  25.733321754
6671.0  25.7503748375
6672.0  25.7598474354
6673.0  25.7925577358
6674.0  25.8769946698
6675.0  26.0214483073
6676.0  26.1138843695
6677.0  26.1294630561
6678.0  26.1068628508
6679.0  26.0359971533
6680.0  25.9088077277
6681.0  25.8017448099
6682.0  25.7500225636
6683.0  25.7548309963
6684.0  25.7581870382
6685.0  25.7319979052
6686.0  25.7412638201
6687.0  25.7397490317
6688.0  25.7255577286
6689.0  25.7267155381
6690.0  25.7220703878
6691.0  25.7223287659
6692.0  25.7350203461
6693.0  25.7320062241
6694.0  25.7374986462
6695.0  25.724877848
6696.0  25.7245624651
6697.0  25.7317199683
6698.0  25.7454293402
6699.0  25.7263871042
6700.0  25.7107952479
6701.0  25.7145208178
6702.0  25.7060488738
6703.0  25.7343319002
6704.0  25.7208679788
6705.0  25.7153588213
6706.0  25.7127000352
6707.0  25.7188025661
6708.0  25.7161126699
6709.0  25.7173266123
6710.0  25.7263219872
6711.0  25.7192075321
6712.0  25.7073671213
6713.0  25.6946046982
6714.0  25.695889304
6715.0  25.7021574149
6716.0  25.6967845772
6717.0  25.7208845199
6718.0  25.7266103097
6719.0  25.7204775907
6720.0  25.7242108837
6721.0  25.7255344461
6722.0  25.7260433485
6723.0  25.7061370779
6724.0  25.701564927
6725.0  25.7163447911
6726.0  25.7108560016
6727.0  25.6979399069
6728.0  25.7006346551
6729.0  25.7048038025
6730.0  25.7146650518
6731.0  25.7187675162
6732.0  25.7235685419
6733.0  25.7220050705
6734.0  25.6970163987
6735.0  25.6858865577
6736.0  25.7127665192
6737.0  25.7013894256
6738.0  25.6810680306
6739.0  25.7033558932
6740.0  25.7085953082
6741.0  25.6905362798
6742.0  25.6848477379
6743.0  25.6844904391
6744.0  25.69409218
6745.0  25.68715978
6746.0  25.6840036801
6747.0  25.707776748
6748.0  25.7445317051
6749.0  25.8779467553
6750.0  26.0560572468
6751.0  26.2722018244
6752.0  26.4149499531
6753.0  26.4225966538
6754.0  26.3089632405
6755.0  26.1458069483
6756.0  25.9209767505
6757.0  25.7805450104
6758.0  25.7439279593
6759.0  25.7262725849
6760.0  25.7211815078
6761.0  25.692250254
6762.0  25.7191030269
6763.0  25.6984857201
6764.0  25.7073558484
6765.0  25.7273254335
6766.0  25.7185608409
6767.0  25.7257960062
6768.0  25.7264276932
6769.0  25.7131730559
6770.0  25.7008678089
6771.0  25.6827919795
6772.0  25.6889211431
6773.0  25.6861784693
6774.0  25.6936652744
6775.0  25.7024114384
6776.0  25.6868084729
6777.0  25.6941036313
6778.0  25.6917226866
6779.0  25.6835087835
6780.0  25.6880357425
6781.0  25.6843770078
6782.0  25.6850453787
6783.0  25.6825714679
6784.0  25.6870970716
6785.0  25.6824697939
6786.0  25.6910637989
6787.0  25.6892304348
6788.0  25.676936607
6789.0  25.6720636892
6790.0  25.6855428772
6791.0  25.6814286003
6792.0  25.6641216519
6793.0  25.669369837
6794.0  25.6706503451
6795.0  25.6761083952
6796.0  25.6734939717
6797.0  25.67487372
6798.0  25.6714841443
6799.0  25.6611139231
6800.0  25.6645265295
6801.0  25.6680205284
6802.0  25.6839704465
6803.0  25.6736440688
6804.0  25.6676626185
6805.0  25.6777563966
6806.0  25.6785819007
6807.0  25.6792054311
6808.0  25.6695827032
6809.0  25.6773338518
6810.0  25.6830186457
6811.0  25.6695380858
6812.0  25.6775182597
6813.0  25.6670415642
6814.0  25.6750174377
6815.0  25.6726938716
6816.0  25.6675426758
6817.0  25.6699452138
6818.0  25.6743927172
6819.0  25.67475
