4555.0  25.4645904383
4556.0  25.4253729517
4557.0  25.3981750325
4558.0  25.3694072427
4559.0  25.3386379861
4560.0  25.3264128037
4561.0  25.3303194535
4562.0  25.3263536236
4563.0  25.3204020556
4564.0  25.3307385311
4565.0  25.3334614905
4566.0  25.3255261715
4567.0  25.3269733011
4568.0  25.325670338
4569.0  25.3340437473
4570.0  25.3466001259
4571.0  25.3352872702
4572.0  25.3284137827
4573.0  25.3314595598
4574.0  25.3438021821
4575.0  25.3365359914
4576.0  25.3356586995
4577.0  25.3281708499
4578.0  25.3284970352
4579.0  25.3272521841
4580.0  25.3388979319
4581.0  25.3379931263
4582.0  25.3336469649
4583.0  25.3441548854
4584.0  25.3289253742
4585.0  25.3238485916
4586.0  25.3290895598
4587.0  25.3282116482
4588.0  25.3281177304
4589.0  25.325016862
4590.0  25.3187687414
4591.0  25.3311064395
4592.0  25.3341621778
4593.0  25.3347845005
4594.0  25.3288755462
4595.0  25.3254591528
4596.0  25.3056138337
4597.0  25.3130424824
4598.0  25.3151884713
4599.0  25.3173757425
4600.0  25.331805678
4601.0  25.3253626464
4602.0  25.3267798266
4603.0  25.3378728669
4604.0  25.3363010892
4605.0  25.3504508576
4606.0  25.3602521297
4607.0  25.3730143198
4608.0  25.3675137612
4609.0  25.3556375929
4610.0  25.334872191
4611.0  25.3344844603
4612.0  25.3298078676
4613.0  25.3243867795
4614.0  25.3266852899
4615.0  25.3206114069
4616.0  25.3294735122
4617.0  25.3366056834
4618.0  25.3360246309
4619.0  25.3383596994
4620.0  25.3261622017
4621.0  25.3132771222
4622.0  25.3287976158
4623.0  25.3232446044
4624.0  25.3084417836
4625.0  25.3166735059
4626.0  25.3282907029
4627.0  25.3286617541
4628.0  25.3226133939
4629.0  25.3320569102
4630.0  25.3402312606
4631.0  25.3306079514
4632.0  25.3129727263
4633.0  25.3355687197
4634.0  25.323699882
4635.0  25.3230370783
4636.0  25.3232223333
4637.0  25.3223587654
4638.0  25.32188874
4639.0  25.3178658472
4640.0  25.3263277991
4641.0  25.3363171402
4642.0  25.3273941037
4643.0  25.3208962721
4644.0  25.321132677
4645.0  25.3224411943
4646.0  25.3220464945
4647.0  25.3249787131
4648.0  25.3214123444
4649.0  25.320163283
4650.0  25.3264138776
4651.0  25.3447948274
4652.0  25.3397499519
4653.0  25.3390327995
4654.0  25.3315585152
4655.0  25.3525389448
4656.0  25.3517463324
4657.0  25.3459528887
4658.0  25.3426454222
4659.0  25.3416240246
4660.0  25.3417645098
4661.0  25.318011537
4662.0  25.3262219439
4663.0  25.3345943474
4664.0  25.3145286832
4665.0  25.3293238977
4666.0  25.330456101
4667.0  25.3369371303
4668.0  25.3316169463
4669.0  25.334228986
4670.0  25.3474982207
4671.0  25.3301861057
4672.0  25.3271754903
4673.0  25.3203741671
4674.0  25.3342284944
4675.0  25.3440186159
4676.0  25.3426410754
4677.0  25.34836524
4678.0  25.3497643076
4679.0  25.3483206533
4680.0  25.3321295023
4681.0  25.333722245
4682.0  25.3411076189
4683.0  25.3416503868
4684.0  25.332029656
4685.0  25.3390579321
4686.0  25.3400462399
4687.0  25.3336160141
4688.0  25.3253975093
4689.0  25.3433904877
4690.0  25.3332371542
4691.0  25.3218552751
4692.0  25.3341115994
4693.0  25.3459456025
4694.0  25.3250848166
4695.0  25.3174462519
4696.0  25.3219799186
4697.0  25.3146021234
4698.0  25.307925482
4699.0  25.330356068
4700.0  25.3373175326
4701.0  25.3630285891
4702.0  25.406744114
4703.0  25.423833113
4704.0  25.4580772757
4705.0  25.4540243452
4706.0  25.4628192525
4707.0  25.4594712812
4708.0  25.471884346
4709.0  25.4747969911
4710.0  25.4759783281
4711.0  25.4525336194
4712.0  25.4412785436
4713.0  25.4227587251
4714.0  25.4110900595
4715.0  25.4065712672
4716.0  25.4071742502
4717.0  25.389492452
4718.0  25.3562065072
4719.0  25.352965039
4720.0  25.3508323062
4721.0  25.354822661
4722.0  25.336894417
4723.0  25.3394085105
4724.0  25.3483910425
4725.0  25.3489923769
4726.0  25.3358408615
4727.0  25.3384075863
4728.0  25.3278374091
4729.0  25.3362159934
4730.0  25.3375789047
4731.0  25.3363850085
4732.0  25.32934091
4733.0  25.3300252137
4734.0  25.3306510942
4735.0  25.3370838447
4736.0  25.3386273213
4737.0  25.3510263944
4738.0  25.3392353636
4739.0  25.3388564209
4740.0  25.3411669994
4741.0  25.3493832784
4742.0  25.3412628605
4743.0  25.3353218228
4744.0  25.3430817161
4745.0  25.343501055
4746.0  25.343031626
4747.0  25.3523922223
4748.0  25.3505392932
4749.0  25.3616819004
4750.0  25.3771963679
4751.0  25.3805696711
4752.0  25.3750471361
4753.0  25.3753643594
4754.0  25.3819472559
4755.0  25.3560422093
4756.0  25.3655103195
4757.0  25.3571229986
4758.0  25.3356960739
4759.0  25.3409279525
4760.0  25.338798166
4761.0  25.3466902603
4762.0  25.3347042344
4763.0  25.3418196434
4764.0  25.3487858548
4765.0  25.3351806955
4766.0  25.334263392
4767.0  25.3354954067
4768.0  25.3348227938
4769.0  25.3386114705
4770.0  25.3551541768
4771.0  25.3520371052
4772.0  25.3396027217
4773.0  25.3487473173
4774.0  25.3340186883
4775.0  25.3411338126
4776.0  25.3462719022
4777.0  25.3405506784
4778.0  25.3360903661
4779.0  25.3396014585
4780.0  25.3491602452
4781.0  25.3468044366
4782.0  25.3435568175
4783.0  25.3386257734
4784.0  25.3427731142
4785.0  25.3626001941
4786.0  25.361270225
4787.0  25.3704617697
4788.0  25.3841447792
4789.0  25.382662283
4790.0  25.3761980936
4791.0  25.3755501173
4792.0  25.3623842606
4793.0  25.3472748135
4794.0  25.3413072921
4795.0  25.3478578807
4796.0  25.3377558478
4797.0  25.3423288497
4798.0  25.3500822076
4799.0  25.3414860662
4800.0  25.3380990052
4801.0  25.3525560072
4802.0  25.3342566724
4803.0  25.3279512046
4804.0  25.3452246889
4805.0  25.3472698691
4806.0  25.3557568337
4807.0  25.3553720115
4808.0  25.3567051902
4809.0  25.3638675377
4810.0  25.3747076157
4811.0  25.3861889322
4812.0  25.3863536157
4813.0  25.382530805
4814.0  25.3623887973
4815.0  25.3496921048
4816.0  25.3737450186
4817.0  25.3816911831
4818.0  25.3878174092
4819.0  25.3856086664
4820.0  25.3753666776
4821.0  25.3697140378
4822.0  25.3717089168
4823.0  25.3588965507
4824.0  25.3579563645
4825.0  25.3743678871
4826.0  25.3814294049
4827.0  25.3673782556
4828.0  25.3673589214
4829.0  25.361189251
4830.0  25.3656904285
4831.0  25.361729036
4832.0  25.3514552424
4833.0  25.3623131189
4834.0  25.3608364107
4835.0  25.3767037206
4836.0  25.4007769781
4837.0  25.4084957313
4838.0  25.4216816941
4839.0  25.3994820486
4840.0  25.3637661071
4841.0  25.3612887618
4842.0  25.3666880537
4843.0  25.352780009
4844.0  25.3575942308
4845.0  25.3757129626
4846.0  25.3584836436
4847.0  25.3541040422
4848.0  25.3562773753
4849.0  25.3559586045
4850.0  25.3656120672
4851.0  25.3811646308
4852.0  25.3710863873
4853.0  25.3681374485
4854.0  25.3603565812
4855.0  25.3572897084
4856.0  25.3450087309
4857.0  25.359963553
4858.0  25.3578850694
4859.0  25.3543558769
4860.0  25.375396415
4861.0  25.3842231666
4862.0  25.3935961748
4863.0  25.4074815681
4864.0  25.4087472224
4865.0  25.4108639458
4866.0  25.3977120787
4867.0  25.3920060807
4868.0  25.3843658169
4869.0  25.3703409693
4870.0  25.3493497198
4871.0  25.3484807344
4872.0  25.3687412961
4873.0  25.3722258837
4874.0  25.3708748939
4875.0  25.3679598718
4876.0  25.3533332855
4877.0  25.3641481183
4878.0  25.3679815046
4879.0  25.3716769602
4880.0  25.3748592443
4881.0  25.3782063857
4882.0  25.3923590344
4883.0  25.4010196378
4884.0  25.4086153954
4885.0  25.4045029625
4886.0  25.3978415093
4887.0  25.3971995611
4888.0  25.3981839835
4889.0  25.378044228
4890.0  25.3714851029
4891.0  25.3676879756
4892.0  25.3722931508
4893.0  25.367121823
4894.0  25.3697370383
4895.0  25.3809117163
4896.0  25.3709901324
4897.0  25.3810480554
4898.0  25.3738649347
4899.0  25.3747496943
4900.0  25.3739363891
4901.0  25.3825748992
4902.0  25.3771227959
4903.0  25.3627468329
4904.0  25.3608409098
4905.0  25.368574982
4906.0  25.3694820102
4907.0  25.368689633
4908.0  25.3589647737
4909.0  25.3562770188
4910.0  25.366293973
4911.0  25.3601836894
4912.0  25.372566733
4913.0  25.3629250999
4914.0  25.3632887119
4915.0  25.3774135277
4916.0  25.3764802606
4917.0  25.3653562145
4918.0  25.3632496346
4919.0  25.3682667531
4920.0  25.3629445853
4921.0  25.3710178191
4922.0  25.3654752041
4923.0  25.3683153231
4924.0  25.3723100017
4925.0  25.3574703921
4926.0  25.3716026703
4927.0  25.3841740677
4928.0  25.3664299608
4929.0  25.3883028842
4930.0  25.3752259978
4931.0  25.4062773857
4932.0  25.4340166592
4933.0  25.4607671754
4934.0  25.451488329
4935.0  25.4523114709
4936.0  25.4445349693
4937.0  25.413765912
4938.0  25.3863896793
4939.0  25.3807540203
4940.0  25.3817599925
4941.0  25.3659233403
4942.0  25.3869516254
4943.0  25.3898833998
4944.0  25.3743129169
4945.0  25.3689995339
4946.0  25.3690420082
4947.0  25.3655606912
4948.0  25.3783727789
4949.0  25.3804730704
4950.0  25.3737804209
4951.0  25.3670777589
4952.0  25.3595420204
4953.0  25.3806012649
4954.0  25.4009350669
4955.0  25.4130781081
4956.0  25.4384972594
4957.0  25.4472420578
4958.0  25.4188428224
4959.0  25.4082217282
4960.0  25.3965465261
4961.0  25.3875270467
4962.0  25.3710922202
4963.0  25.3687300631
4964.0  25.3784965164
4965.0  25.3764573921
4966.0  25.3869764212
4967.0  25.3706278672
4968.0  25.3668117599
4969.0  25.3764713889
4970.0  25.370630757
4971.0  25.3635705017
4972.0  25.3741921514
4973.0  25.3747513794
4974.0  25.3858957614
4975.0  25.370358785
4976.0  25.3700099444
4977.0  25.3772466762
4978.0  25.3686504572
4979.0  25.3609961488
4980.0  25.3741549656
4981.0  25.3800320897
4982.0  25.3782668063
4983.0  25.37780708
4984.0  25.3761907697
4985.0  25.3777652155
4986.0  25.3860855031
4987.0  25.3665090833
4988.0  25.3622224609
4989.0  25.3767654128
4990.0  25.376884554
4991.0  25.384800354
4992.0  25.3791598187
4993.0  25.3874240483
4994.0  25.3804192188
4995.0  25.3766955928
4996.0  25.3777218187
4997.0  25.383053096
4998.0  25.385607875
4999.0  25.38071736
5000.0  25.3837967452
5001.0  25.384355675
5002.0  25.390396581
5003.0  25.3933660219
5004.0  25.4094392383
5005.0  25.4055386258
5006.0  25.3999408258
5007.0  25.3889526876
5008.0  25.3929001453
5009.0  25.3815369172
5010.0  25.3797088847
5011.0  25.383894231
5012.0  25.375660391
5013.0  25.3778924461
5014.0  25.3745299694
5015.0  25.367154792
5016.0  25.3767438139
5017.0  25.382045651
5018.0  25.3835146965
5019.0  25.3852618278
5020.0  25.3828346915
5021.0  25.3823655848
5022.0  25.387609592
5023.0  25.3986004303
5024.0  25.4019849966
5025.0  25.38584971
5026.0  25.3856318075
5027.0  25.3955814084
5028.0  25.4217302073
5029.0  25.4648346616
5030.0  25.4928307332
5031.0  25.5024029006
5032.0  25.4990697428
5033.0  25.5140087388
5034.0  25.5696950164
5035.0  25.6954384491
5036.0  25.8328980204
5037.0  25.9103209907
5038.0  25.9089967668
5039.0  25.8481605172
5040.0  25.6869612533
5041.0  25.5265666037
5042.0  25.4465080558
5043.0  25.4166227286
5044.0  25.3953386642
5045.0  25.3884085281
5046.0  25.3985385965
5047.0  25.3776047504
5048.0  25.3794145488
5049.0  25.3748926785
5050.0  25.3773634775
5051.0  25.3892454685
5052.0  25.384456376
5053.0  25.3908098399
5054.0  25.3940777635
5055.0  25.3901324323
5056.0  25.3864269745
5057.0  25.38535601
5058.0  25.3785869911
5059.0  25.3770100807
5060.0  25.3811191256
5061.0  25.3724689556
5062.0  25.3843747629
5063.0  25.3855450634
5064.0  25.3811003028
5065.0  25.3874510279
5066.0  25.3824764347
5067.0  25.3796920073
5068.0  25.391311087
5069.0  25.3772029235
5070.0  25.3862986699
5071.0  25.4373216771
5072.0  25.4649927836
5073.0  25.4838136628
5074.0  25.4988283476
5075.0  25.5005036077
5076.0  25.5067795287
5077.0  25.5513073166
5078.0  25.6127255712
5079.0  25.6792915836
5080.0  25.6855184875
5081.0  25.7015581089
5082.0  25.6500871038
5083.0  25.5443009667
5084.0  25.4621480632
5085.0  25.4162986164
5086.0  25.4020148519
5087.0  25.4018655443
5088.0  25.3913394783
5089.0  25.4059320296
5090.0  25.3959739567
5091.0  25.4059368712
5092.0  25.4077141838
5093.0  25.3951780935
5094.0  25.3843339785
5095.0  25.3856185792
5096.0  25.4054727602
5097.0  25.4035831326
5098.0  25.3993002339
5099.0  25.4056304982
5100.0  25.4036342492
5101.0  25.4111176221
5102.0  25.4099723783
5103.0  25.4202314687
5104.0  25.4176477955
5105.0  25.4120206366
5106.0  25.4039154965
5107.0  25.4145460275
5108.0  25.4039513182
5109.0  25.4037311222
5110.0  25.410461502
5111.0  25.4558105159
5112.0  25.5431411183
5113.0  25.7050589299
5114.0  25.8950437986
5115.0  26.0556213056
5116.0  26.0825148131
5117.0  26.072512852
5118.0  25.9319632074
5119.0  25.7651851265
5120.0  25.6300446815
5121.0  25.5772424627
5122.0  25.5540845985
5123.0  25.5475287762
5124.0  25.507987811
5125.0  25.4619954634
5126.0  25.4299045487
5127.0  25.4223126587
5128.0  25.4093184497
5129.0  25.4001987341
5130.0  25.4048537905
5131.0  25.398609274
5132.0  25.4111303023
5133.0  25.4069955844
5134.0  25.400103177
5135.0  25.4047858272
5136.0  25.3986856436
5137.0  25.399823041
5138.0  25.3984388605
5139.0  25.3984826359
5140.0  25.4159417492
5141.0  25.454753111
5142.0  25.537443738
5143.0  25.6068445093
5144.0  25.6610060531
5145.0  25.6760366047
5146.0  25.6535525957
5147.0  25.5975755713
5148.0  25.5303680875
5149.0  25.4992987748
5150.0  25.5191386255
5151.0  25.5405510101
5152.0  25.5620707177
5153.0  25.5701577488
5154.0  25.5402652082
5155.0  25.5290286263
5156.0  25.4924398009
5157.0  25.4623632131
5158.0  25.4578163219
5159.0  25.4434761099
5160.0  25.434502924
5161.0  25.439970429
5162.0  25.4331361172
5163.0  25.418721413
5164.0  25.4065204191
5165.0  25.3982388695
5166.0  25.4052172986
5167.0  25.408071903
5168.0  25.4136468205
5169.0  25.4002099248
5170.0  25.4022269986
5171.0  25.4033856845
5172.0  25.4070143561
5173.0  25.404439729
5174.0  25.3951098783
5175.0  25.4081572512
5176.0  25.4077775378
5177.0  25.4042861173
5178.0  25.3985623549
5179.0  25.3955413622
5180.0  25.4204981623
5181.0  25.4015339453
5182.0  25.4089999183
5183.0  25.4187722118
5184.0  25.4288065807
5185.0  25.470247222
5186.0  25.5177230373
5187.0  25.5656301843
5188.0  25.6106478042
5189.0  25.6264068925
5190.0  25.6365054637
5191.0  25.6180074101
5192.0  25.5955792604
5193.0  25.5791148775
5194.0  25.5590648703
5195.0  25.512362343
5196.0  25.4626797774
5197.0  25.4438492619
5198.0  25.4266560954
5199.0  25.4389940851
5200.0  25.4449581375
5201.0  25.4990141708
5202.0  25.5744635845
5203.0  25.6198770672
5204.0  25.6446370173
5205.0  25.6269101586
5206.0  25.5958029538
5207.0  25.5727843735
5208.0  25.5699737429
5209.0  25.5600010921
5210.0  25.5530063596
5211.0  25.5386800225
5212.0  25.5008693054
5213.0  25.4634250873
5214.0  25.4450518424
5215.0  25.425554765
5216.0  25.4369992789
5217.0  25.4292717674
5218.0  25.4358299507
5219.0  25.4464532836
5220.0  25.4767349602
5221.0  25.5120507438
5222.0  25.5147723622
5223.0  25.5016367507
5224.0  25.4902707516
5225.0  25.4603817701
5226.0  25.4462110706
5227.0  25.4377277983
5228.0  25.418082623
5229.0  25.4203480312
5230.0  25.4410659811
5231.0  25.4561471233
5232.0  25.4471249761
5233.0  25.4614728934
5234.0  25.464998634
5235.0  25.4648155337
5236.0  25.4445034008
5237.0  25.4469044972
5238.0  25.442688734
5239.0  25.4397838362
5240.0  25.4363842625
5241.0  25.4387274355
5242.0  25.435874772
5243.0  25.4388967676
5244.0  25.4295721183
5245.0  25.4363036206
5246.0  25.4169227732
5247.0  25.4313443674
5248.0  25.4234072622
5249.0  25.430093105
5250.0  25.4563990102
5251.0  25.4391519623
5252.0  25.4496499915
5253.0  25.4359343944
5254.0  25.437683594
5255.0  25.430354089
5256.0  25.4366959432
5257.0  25.4496535194
5258.0  25.44658903
5259.0  25.450396368
5260.0  25.443851374
5261.0  25.4473190103
5262.0  25.4450826444
5263.0  25.4473834499
5264.0  25.4669015316
5265.0  25.4612332911
5266.0  25.4649195752
5267.0  25.4676007858
5268.0  25.4469416054
5269.0  25.4672047712
5270.0  25.4619880481
5271.0  25.4561696181
5272.0  25.4731886673
5273.0  25.4808231758
5274.0  25.4867449812
5275.0  25.4883468606
5276.0  25.5131901409
5277.0  25.5098520515
5278.0  25.5179295354
5279.0  25.5438377579
5280.0  25.561631702
5281.0  25.5568124604
5282.0  25.5744370611
5283.0  25.5969197285
5284.0  25.5946560748
5285.0  25.6142725642
5286.0  25.6616456445
5287.0  25.7050628404
5288.0  25.7318239898
5289.0  25.7155779635
5290.0  25.6561425554
5291.0  25.6018884137
5292.0  25.5277979921
5293.0  25.4740160888
5294.0  25.4795507624
5295.0  25.4933659085
5296.0  25.5153360005
5297.0  25.5410188157
5298.0  25.5481843853
5299.0  25.5417775966
5300.0  25.5141203407
5301.0  25.4851828923
5302.0  25.5047706956
5303.0  25.506414196
5304.0  25.5166621646
5305.0  25.5141231671
5306.0  25.5043581621
5307.0  25.5011597055
5308.0  25.4929337086
5309.0  25.4755817689
5310.0  25.4862169817
5311.0  25.4855211838
5312.0  25.4832682378
5313.0  25.485902563
5314.0  25.4884397424
5315.0  25.4942470754
5316.0  25.4859570975
5317.0  25.4881016618
5318.0  25.4782356033
5319.0  25.4768429935
5320.0  25.4892841703
5321.0  25.4812476879
5322.0  25.5013226308
5323.0  25.5155453495
5324.0  25.5589846804
5325.0  25.5864037428
5326.0  25.6783118922
5327.0  25.9451407103
5328.0  26.437072907
5329.0  26.950897828
5330.0  27.2534873605
5331.0  27.2831504891
5332.0  27.0899608036
5333.0  26.5833371799
5334.0  26.0503189805
5335.0  25.7062747137
5336.0  25.612996243
5337.0  25.7578941686
5338.0  26.1442362707
5339.0  26.7211723562
5340.0  27.219102348
5341.0  27.5484171971
5342.0  27.6300515188
5343.0  27.3370128456
5344.0  26.7661623972
5345.0  26.2497959976
5346.0  25.8921565027
5347.0  25.6553062603
5348.0  25.5818040739
5349.0  25.5575662953
5350.0  25.5407315218
5351.0  25.5451254427
5352.0  25.5517525618
5353.0  25.554868201
5354.0  25.5663122597
5355.0  25.552883757
5356.0  25.5549564104
5357.0  25.5681748597
5358.0  25.5687156495
5359.0  25.5715933916
5360.0  25.5772450885
5361.0  25.5763737209
5362.0  25.5633922405
5363.0  25.5573025896
5364.0  25.5174417771
5365.0  25.5070115777
5366.0  25.5126377516
5367.0  25.5042850491
5368.0  25.5271278373
5369.0  25.5361270137
5370.0  25.5356992307
5371.0  25.5559890072
5372.0  25.5769629706
5373.0  25.5793798572
5374.0  25.5830112276
5375.0  25.5673710679
5376.0  25.5473743024
5377.0  25.5225058319
5378.0  25.5193195099
5379.0  25.5186474512
5380.0  25.5146755297
5381.0  25.5123113371
5382.0  25.5100767979
5383.0  25.5147151341
5384.0  25.519343296
5385.0  25.5220822836
5386.0  25.5048244146
5387.0  25.5079631146
5388.0  25.5221373249
5389.0  25.5229730283
5390.0  25.5162932404
5391.0  25.5128562637
5392.0  25.5285700611
5393.0  25.5228771595
5394.0  25.5220753358
5395.0  25.5738684253
5396.0  25.8138400914
5397.0  26.5900954535
5398.0  27.9469039032
5399.0  29.198421932
5400.0  29.8283045399
5401.0  29.8148677569
5402.0  29.1603136034
5403.0  27.8614039178
5404.0  26.5629524281
5405.0  25.8630120409
5406.0  25.6192365719
5407.0  25.5489101561
5408.0  25.5444134478
5409.0  25.5439322967
5410.0  25.540903508
5411.0  25.5466925058
5412.0  25.5538722469
5413.0  25.5616565019
5414.0  25.5350128355
5415.0  25.5288944077
5416.0  25.5394426607
5417.0  25.5599723918
5418.0  25.5515726304
5419.0  25.5318771651
5420.0  25.5501852766
5421.0  25.545105427
5422.0  25.5414706542
5423.0  25.5283916181
5424.0  25.5134600292
5425.0  25.525675123
5426.0  25.5181913408
5427.0  25.5249129579
5428.0  25.526654855
5429.0  25.5454906056
5430.0  25.5513423064
5431.0  25.5662496628
5432.0  25.5735781799
5433.0  25.6040514638
5434.0  25.6172017956
5435.0  25.5843644821
5436.0  25.57695998
5437.0  25.5550587736
5438.0  25.5462776223
5439.0  25.5315107656
5440.0  25.5367011916
5441.0  25.5364371732
5442.0  25.524681871
5443.0  25.5389065741
5444.0  25.541773102
5445.0  25.5435459125
5446.0  25.5496168323
5447.0  25.5645089077
5448.0  25.5763782136
5449.0  25.5768868346
5450.0  25.5581061032
5451.0  25.5481133834
5452.0  25.5434909542
5453.0  25.5433956994
5454.0  25.5362224046
5455.0  25.5294879785
5456.0  25.5272363204
5457.0  25.5327645847
5458.0  25.5264011607
5459.0  25.5329116397
5460.0  25.5533613878
5461.0  25.537223547
5462.0  25.5223242638
5463.0  25.5312356028
5464.0  25.5349335575
5465.0  25.5190234639
5466.0  25.5169097821
5467.0  25.5372404659
5468.0  25.5343775929
5469.0  25.5375891594
5470.0  25.5371099012
5471.0  25.5256223319
5472.0  25.543906487
5473.0  25.5489896276
5474.0  25.5342977516
5475.0  25.5307304217
5476.0  25.5403898569
5477.0  25.5272998216
5478.0  25.5316721933
5479.0  25.5417972191
5480.0  25.530691252
5481.0  25.5461145287
5482.0  25.5319492324
5483.0  25.5339171373
5484.0  25.5399941839
5485.0  25.5416287504
5486.0  25.5454244828
5487.0  25.5451664896
5488.0  25.5440061499
5489.0  25.5427081648
5490.0  25.5480861519
5491.0  25.5470141688
5492.0  25.5519918051
5493.0  25.5711265367
5494.0  25.5597090069
5495.0  25.5680135221
5496.0  25.5623976652
5497.0  25.5523023985
5498.0  25.547895829
5499.0  25.5419657531
5500.0  25.5534090623
5501.0  25.5295884825
5502.0  25.5496377393
5503.0  25.5371941502
5504.0  25.5500359991
5505.0  25.5543772778
5506.0  25.553671892
5507.0  25.5467396068
5508.0  25.5573328789
5509.0  25.5564628241
5510.0  25.538864493
5511.0  25.5592913455
5512.0  25.5495123762
5513.0  25.5474872645
5514.0  25.5448497654
5515.0  25.5525714295
5516.0  25.5498161865
5517.0  25.546382504
5518.0  25.5524191794
5519.0  25.5592786204
5520.0  25.5423920702
5521.0  25.5507368115
5522.0  25.5509251859
5523.0  25.5381638836
5524.0  25.5469925128
5525.0  25.5430653123
5526.0  25.5434884385
5527.0  25.5509215438
5528.0  25.554774525
5529.0  25.5546487602
5530.0  25.5561740079
5531.0  25.5607090591
5532.0  25.5979309008
5533.0  25.6350647868
5534.0  25.6558970884
5535.0  25.671606437
5536.0  25.6767955312
5537.0  25.6699145448
5538.0  25.6342482864
5539.0  25.5903265311
5540.0  25.5812872655
5541.0  25.5889589379
5542.0  25.576508291
5543.0  25.5700243989
5544.0  25.5658293341
5545.0  25.5811128493
5546.0  25.5826236023
5547.0  25.5694036152
5548.0  25.5697090356
5549.0  25.5829087147
5550.0  25.5714491512
5551.0  25.5783279788
5552.0  25.5750401149
5553.0  25.5823484129
5554.0  25.5887310682
5555.0  25.5771617986
5556.0  25.5895358419
5557.0  25.5882542068
5558.0  25.6000966706
5559.0  25.6742076036
5560.0  25.7930265102
5561.0  25.926658288
5562.0  26.0077893868
5563.0  26.0287761682
5564.0  25.9828252828
5565.0  25.8788014945
5566.0  25.7336170978
5567.0  25.639319756
5568.0  25.6157588256
5569.0  25.6082134083
5570.0  25.603946201
5571.0  25.5911367176
5572.0  25.5793531019
5573.0  25.5858656575
5574.0  25.5924308268
5575.0  25.6103843381
5576.0  25.6033493105
5577.0  25.6115040297
5578.0  25.6187031284
5579.0  25.6066628333
5580.0  25.6083827893
5581.0  25.6104453595
5582.0  25.6151977935
5583.0  25.6169983855
5584.0  25.6202704081
5585.0  25.6129223675
5586.0  25.6310239909
5587.0  25.6166855312
5588.0  25.6391663444
5589.0  25.6353208218
5590.0  25.6285757519
5591.0  25.6285212472
5592.0  25.6140382684
5593.0  25.6303371064
5594.0  25.6322610435
5595.0  25.6269959211
5596.0  25.6255383099
5597.0  25.6089495972
5598.0  25.6118983684
5599.0  25.6155663478
5600.0  25.6071754092
5601.0  25.6187679508
5602.0  25.6175046032
5603.0  25.6353776682
5604.0  25.6217679435
5605.0  25.6293202867
5606.0  25.617499749
5607.0  25.6165769564
5608.0  25.6240531522
5609.0  25.6176270954
5610.0  25.619696119
5611.0  25.6249871411
5612.0  25.6041939585
5613.0  25.6158445164
5614.0  25.6286494955
5615.0  25.625460817
5616.0  25.6339723921
5617.0  25.6445319816
5618.0  25.6442538132
5619.0  25.6258122054
5620.0  25.6360407819
5621.0  25.6388944155
5622.0  25.6295298241
5623.0  25.6309026901
5624.0  25.6317547093
5625.0  25.6282814561
5626.0  25.6280375327
5627.0  25.6424162271
5628.0  25.6535971469
5629.0  25.6451609765
5630.0  25.643247605
5631.0  25.6336830367
5632.0  25.6435807982
5633.0  25.6355495214
5634.0  25.6538256311
5635.0  25.6238997811
5636.0  25.6376458092
5637.0  25.6381839804
5638.0  25.6410028004
5639.0  25.6438255679
5640.0  25.6405641443
5641.0  25.6344238133
5642.0  25.6486101347
5643.0  25.637493011
5644.0  25.6349831462
5645.0  25.6379882543
5646.0  25.6439577236
5647.0  25.6400171638
5648.0  25.6552699919
5649.0  25.6508926772
5650.0  25.7032497316
5651.0  25.768035002
5652.0  25.8433669263
5653.0  25.991052608
5654.0  26.2398675248
5655.0  26.4504069726
5656.0  26.5799236606
5657.0  26.5950856091
5658.0  26.4433340852
5659.0  26.2332093245
5660.0  25.992345654
5661.0  25.8564528328
5662.0  25.8257030584
5663.0  25.8111877543
5664.0  25.7898817107
5665.0  25.756142926
5666.0  25.7110210289
5667.0  25.671331662
5668.0  25.6501658881
5669.0  25.6531851053
5670.0  25.6523965511
5671.0  25.6423600167
5672.0  25.6370126563
5673.0  25.648058447
5674.0  25.6484073731
5675.0  25.6463666278
5676.0  25.6435780106
5677.0  25.6404475913
5678.0  25.6331041072
5679.0  25.6514130616
5680.0  25.6604250621
5681.0  25.6494194436
5682.0  25.6382868992
5683.0  25.6483805727
5684.0  25.6552782181
5685.0  25.6944307026
5686.0  25.7848406509
5687.0  25.954342758
5688.0  26.1948272531
5689.0  26.3502835618
5690.0  26.3683340066
5691.0  26.3156154405
5692.0  26.1477128244
5693.0  25.9426972333
5694.0  25.7765580193
5695.0  25.704967648
5696.0  25.6763270029
5697.0  25.6644893919
5698.0  25.6691925895
5699.0  25.6734857072
5700.0  25.6725025519
5701.0  25.675825854
5702.0  25.6727465272
5703.0  25.6843544625
5704.0  25.6711712029
5705.0  25.65418218
5706.0  25.6559600471
5707.0  25.6677621832
5708.0  25.6794368917
5709.0  25.6832401521
5710.0  25.6651518181
5711.0  25.6606206387
5712.0  25.6729117054
5713.0  25.6660261772
5714.0  25.6697472901
5715.0  25.731807567
5716.0  25.8480853117
5717.0  25.9891808441
5718.0  26.1194096411
5719.0  26.170835227
5720.0  26.1557026009
5721.0  26.0643371115
5722.0  25.9238405786
5723.0  25.7786832507
5724.0  25.7258719713
5725.0  25.7065801565
5726.0  25.7058186409
5727.0  25.6699733341
5728.0  25.672437221
5729.0  25.6832323686
5730.0  25.6996813548
5731.0  25.6960393253
5732.0  25.6702286809
5733.0  25.6741180294
5734.0  25.685796552
5735.0  25.6930402196
5736.0  25.704192174
5737.0  25.711867321
5738.0  25.7017588145
5739.0  25.6726813862
5740.0  25.6824076617
5741.0  25.6993868845
5742.0  25.7114817488
5743.0  25.7274854499
5744.0  25.8481529699
5745.0  26.1739069619
5746.0  26.6788716674
5747.0  27.1190187165
5748.0  27.3572091304
5749.0  27.3376647983
5750.0  27.0635385528
5751.0  26.5725241598
5752.0  26.0751331274
5753.0  25.8475574731
5754.0  25.7780356049
5755.0  25.7497533498
5756.0  25.7432055587
5757.0  25.8013380054
5758.0  25.875810544
5759.0  26.0258209216
5760.0  26.5254905862
5761.0  27.8024566624
5762.0  29.9493612513
5763.0  31.9884358193
5764.0  33.0174575025
5765.0  32.9321286256
5766.0  31.7065951411
5767.0  29.5843686268
5768.0  27.4393532616
5769.0  26.2988412484
5770.0  25.9137455627
5771.0  25.8261331085
5772.0  25.7779948086
5773.0  25.7701332404
5774.0  25.7599140168
5775.0  25.736086741
5776.0  25.7506200721
5777.0  25.7753968485
5778.0  25.7626605141
5779.0  25.7581937155
5780.0  25.744559726
5781.0  25.7588056906
5782.0  25.7611246
5783.0  25.7542236594
5784.0  25.7436286863
5785.0  25.7309716558
5786.0  25.7534589891
5787.0  25.7523700471
5788.0  25.757318254
5789.0  25.7761015152
5790.0  25.7486480659
5791.0  25.7493889858
5792.0  25.7576653311
5793.0  25.7820038251
5794.0  25.7792332804
5795.0  25.7944443923
5796.0  25.7953310149
5797.0  25.7831508858
5798.0  25.7784627079
5799.0  25.794568383
5800.0  25.9038276875
5801.0  26.106275711
5802.0  26.5034767003
5803.0  26.8926177854
5804.0  27.0978484185
5805.0  27.0941600377
5806.0  26.8878233991
5807.0  26.5219012486
5808.0  26.1738333987
5809.0  26.0108986396
5810.0  25.9756421943
5811.0  25.9853620944
5812.0  25.997339604
5813.0  25.9798689109
5814.0  25.9798936779
5815.0  26.0333600609
5816.0  26.356197422
5817.0  27.2650337553
5818.0  28.5934950688
5819.0  29.6759153102
5820.0  30.1190486954
5821.0  29.935342621
5822.0  29.0804775906
5823.0  27.7570773567
5824.0  26.6577110857
5825.0  26.1255840231
5826.0  25.9899028811
5827.0  25.9634081426
5828.0  25.9574192151
5829.0  25.9775966326
5830.0  25.9906904856
5831.0  25.986814615
5832.0  25.9461204785
5833.0  25.9323248856
5834.0  25.9505512583
5835.0  25.9600405118
5836.0  25.9845921326
5837.0  25.9946486008
5838.0  26.0004094149
5839.0  26.0198872063
5840.0  26.0480721804
5841.0  26.0884078595
5842.0  26.1394383833
5843.0  26.1998512457
5844.0  26.3137614707
5845.0  26.5605969558
5846.0  27.4900588473
5847.0  32.0048098838
5848.0  52.3752789819
5849.0  113.155312275
5850.0  218.503332294
5851.0  320.811706759
5852.0  374.093524156
5853.0  371.537468919
5854.0  316.80425005
5855.0  215.147609752
5856.0  109.80558425
5857.0  50.7895066804
5858.0  32.1370882975
5859.0  27.9063348053
5860.0  26.8869807183
5861.0  26.5212901487
5862.0  26.3963290328
5863.0  26.3126891528
5864.0  26.2393625733
5865.0  26.2257805782
5866.0  26.2517205676
5867.0  26.2890920152
5868.0  26.4050678614
5869.0  26.6251379603
5870.0  27.0923211205
5871.0  27.6296539409
5872.0  27.9956894015
5873.0  28.1088994689
5874.0  27.9751185663
5875.0  27.8251414532
5876.0  28.7638321794
5877.0  35.6157230505
5878.0  61.9594983252
5879.0  120.079317817
5880.0  191.855180817
5881.0  241.496987233
5882.0  253.99936834
5883.0  232.634319955
5884.0  177.670663193
5885.0  105.861826748
5886.0  53.5529308231
5887.0  33.0604642475
5888.0  27.9540474805
5889.0  26.7882591025
5890.0  26.4290550245
5891.0  26.2898198711
5892.0  26.2275960655
5893.0  26.1724526518
5894.0  26.1384573909
5895.0  26.0934628697
5896.0  26.1003978496
5897.0  26.1510648615
5898.0  26.3408851248
5899.0  26.965992113
5900.0  28.0758684922
5901.0  29.1609680109
5902.0  29.8698966004
5903.0  30.1077662455
5904.0  30.0127745497
5905.0  29.3844863519
5906.0  28.5168934511
5907.0  27.8643517548
5908.0  27.3588938368
5909.0  26.9067789995
5910.0  26.535595325
5911.0  26.4540834669
5912.0  26.5489180814
5913.0  26.6551845386
5914.0  26.667104225
5915.0  26.6490585231
5916.0  26.6456731678
5917.0  26.6501739867
5918.0  26.651018815
5919.0  26.6354901725
5920.0  26.5920119252
5921.0  26.4652826212
5922.0  26.2732387104
5923.0  26.1350853115
5924.0  26.073205729
5925.0  26.0602271223
5926.0  26.0561376441
5927.0  26.0934055472
5928.0  26.1010886772
5929.0  26.1132274559
5930.0  26.1463111597
5931.0  26.1779861446
5932.0  26.2293159375
5933.0  26.3096007457
5934.0  26.3532169799
5935.0  26.4294233276
5936.0  26.5233657447
5937.0  26.6908079652
5938.0  27.2962178366
5939.0  30.1916864647
5940.0  44.2145708856
5941.0  93.2713007356
5942.0  195.535708307
5943.0  319.342942368
5944.0  403.681933367
5945.0  421.99847014
5946.0  381.190081428
5947.0  282.631875084
5948.0  158.919919866
5949.0  71.4001953921
5950.0  37.2529404203
5951.0  29.1275325233
5952.0  27.3053639927
5953.0  26.7859864029
5954.0  26.5680014627
5955.0  26.4369984118
5956.0  26.3571735482
5957.0  26.307832114
5958.0  26.3254503128
5959.0  26.4258831839
5960.0  26.5232406236
5961.0  26.6813895142
5962.0  26.9790664247
5963.0  27.4374562746
5964.0  27.8523461767
5965.0  28.0381771945
5966.0  27.9593651676
5967.0  27.674194458
5968.0  27.2821822191
5969.0  26.9943340383
5970.0  27.7208155788
5971.0  32.1147891097
5972.0  45.3357128828
5973.0  68.4985517344
5974.0  92.433999118
5975.0  105.177968924
5976.0  105.119387484
5977.0  93.0272292759
5978.0  70.2187368859
5979.0  46.4530041901
5980.0  32.4152031583
5981.0  27.7308226023
5982.0  26.6658878832
5983.0  26.4051796943
5984.0  26.4107387875
5985.0  26.6459270883
5986.0  27.0090966474
5987.0  27.2705440622
5988.0  27.427632396
5989.0  27.495403805
5990.0  27.3692347191
5991.0  27.0823976558
5992.0  26.8024069575
5993.0  26.6236379958
5994.0  26.4337124218
5995.0  26.2560812213
5996.0  26.1334710716
5997.0  26.1240007749
5998.0  26.189526106
5999.0  26.2579453821
6000.0  26.2876472086
6001.0  26.3049849046
6002.0  26.2935606906
6003.0  26.2533873373
6004.0  26.1946147319
6005.0  26.1111536075
6006.0  26.0761508326
6007.0  26.090443323
6008.0  26.0875341577
6009.0  26.0936702184
6010.0  26.0856721511
6011.0  26.0863361043
6012.0  26.1159088278
6013.0  26.0826739039
6014.0  26.0929930248
6015.0  26.1169294235
6016.0  26.1283682196
6017.0  26.1511770845
6018.0  26.1419302922
6019.0  26.1607384899
6020.0  26.1964614276
6021.0  26.2166253389
6022.0  26.2744425124
6023.0  26.4198897659
6024.0  27.046271643
6025.0  30.0599309829
6026.0  41.3965184531
6027.0  68.2062755755
6028.0  104.402607017
6029.0  130.864794994
6030.0  138.65355979
6031.0  129.958385413
6032.0  104.736047294
6033.0  69.5705171191
6034.0  41.7564086055
6035.0  30.1935332144
6036.0  27.3374530463
6037.0  26.6502986948
6038.0  26.4509677741
6039.0  26.3504447807
6040.0  26.3117417038
6041.0  26.3089934619
6042.0  26.2791126172
6043.0  26.2632156299
6044.0  26.3050179993
6045.0  26.309095765
6046.0  26.3167895872
6047.0  26.342525443
6048.0  26.3109313319
6049.0  26.2997915339
6050.0  26.269235816
6051.0  26.2702478916
6052.0  26.2756341032
6053.0  26.2932652955
6054.0  26.323337428
6055.0  26.3036501835
6056.0  26.3179749201
6057.0  26.3503536426
6058.0  26.3707000839
6059.0  26.3960160558
6060.0  26.423861211
6061.0  26.5003139038
6062.0  26.5987073331
6063.0  26.673172871
6064.0  26.7589537908
6065.0  26.8336659625
6066.0  26.9356893436
6067.0  27.2342861283
6068.0  28.5814813088
6069.0  35.1170434886
6070.0  63.0620296136
6071.0  139.51159178
6072.0  260.960089435
6073.0  371.253375333
6074.0  420.161766122
6075.0  407.548901195
6076.0  337.704658163
6077.0  220.310313617
6078.0  106.108915646
6079.0  47.8443310852
6080.0  31.7088562597
6081.0  28.3287513539
6082.0  27.5017274166
6083.0  27.2556272369
6084.0  27.1644677015
6085.0  27.1600196182
6086.0  27.1878417069
6087.0  27.2254069382
6088.0  27.4157789887
6089.0  28.0749405941
6090.0  30.8507207031
6091.0  44.8459562317
6092.0  100.415386728
6093.0  236.583519131
6094.0  432.491036438
6095.0  591.450808093
6096.0  649.11788237
6097.0  613.429026636
6098.0  487.629714042
6099.0  294.809406003
6100.0  127.653957433
6101.0  51.8459890703
6102.0  32.6644529784
6103.0  28.6466712456
6104.0  27.6604079919
6105.0  27.2985131972
6106.0  27.1052809792
6107.0  26.9886734975
6108.0  26.9047780866
6109.0  26.8269484365
6110.0  26.7749157895
6111.0  26.7304691734
6112.0  26.7153778296
6113.0  26.7076404611
6114.0  26.7101246704
6115.0  26.7223029458
6116.0  26.7658994707
6117.0  26.8179200885
6118.0  26.8482745187
6119.0  26.8386251525
6120.0  26.8159224409
6121.0  26.7817561075
6122.0  26.788931298
6123.0  27.0150746135
6124.0  27.9574015177
6125.0  30.6578468293
6126.0  35.2170549815
6127.0  39.6440418218
6128.0  42.0064883748
6129.0  41.9570931126
6130.0  39.5872549567
6131.0  35.2527723651
6132.0  30.9260750114
6133.0  28.5455228229
6134.0  28.0125709724
6135.0  28.3023291263
6136.0  29.7021989534
6137.0  36.2953360193
6138.0  68.1149262194
6139.0  181.977165754
6140.0  440.546221469
6141.0  788.756177276
6142.0  1053.66402709
6143.0  1133.93911543
6144.0  1050.6245927
6145.0  809.301713849
6146.0  465.972927834
6147.0  184.946626252
6148.0  64.3055964614
6149.0  35.8845262801
6150.0  30.1894262034
6151.0  28.8059445311
6152.0  28.2546590816
6153.0  27.9410913696
6154.0  27.7061639857
6155.0  27.602494055
6156.0  27.6751688644
6157.0  28.3367157977
6158.0  31.7610088677
6159.0  47.2591820914
6160.0  93.3072733244
6161.0  175.794151086
6162.0  263.966420843
6163.0  312.15111793
6164.0  312.460879704
6165.0  271.322095487
6166.0  191.723208806
6167.0  103.17233709
6168.0  49.0508249881
6169.0  31.8986064975
6170.0  28.2167006264
6171.0  27.4039639141
6172.0  27.2260139699
6173.0  27.1956869586
6174.0  27.2028534433
6175.0  27.2057815439
6176.0  27.0941941817
6177.0  26.9868042603
6178.0  27.0052081709
6179.0  27.3101625045
6180.0  27.8481341841
6181.0  28.2993144254
6182.0  28.461863227
6183.0  28.3520618917
6184.0  28.0110877479
6185.0  27.4277485372
6186.0  26.9210796613
6187.0  26.728466685
6188.0  26.6841712817
6189.0  26.6640292801
6190.0  26.6652753924
6191.0  26.6607190269
6192.0  26.584962402
6193.0  26.5493112465
6194.0  26.5312302356
6195.0  26.4953893282
6196.0  26.460578703
6197.0  26.4549646544
6198.0  26.4273749169
6199.0  26.4499300122
6200.0  26.4364985603
6201.0  26.483437915
6202.0  26.5537834554
6203.0  26.6187013546
6204.0  26.7314289049
6205.0  26.7973612323
6206.0  26.8050343369
6207.0  26.8061602826
6208.0  26.7946397947
6209.0  26.8008058974
6210.0  27.0249627362
6211.0  27.9774243236
6212.0  31.8971795756
6213.0  46.4489321894
6214.0  82.2819450435
6215.0  136.484061062
6216.0  184.586503002
6217.0  204.23335622
6218.0  196.069500531
6219.0  162.458579778
6220.0  109.978996493
6221.0  60.2285049425
6222.0  35.464570258
6223.0  28.7841402434
6224.0  27.3464094244
6225.0  26.9918512369
6226.0  26.8191495094
6227.0  26.7307845962
6228.0  26.6729977826
6229.0  26.5773803904
6230.0  26.536987711
6231.0  26.4912644612
6232.0  26.4965413567
6233.0  26.4988646897
6234.0  26.4654400426
6235.0  26.4779724066
6236.0  26.4725375373
6237.0  26.4510545065
6238.0  26.4765020953
6239.0  26.4854615797
6240.0  26.4762437784
6241.0  26.490121546
6242.0  26.5038922523
6243.0  26.5643924489
6244.0  26.6620949134
6245.0  26.8052579426
6246.0  26.9007157386
6247.0  26.9460255673
6248.0  26.9184590554
6249.0  26.8432726951
6250.0  26.7523087412
6251.0  26.6842220911
6252.0  26.6947913633
6253.0  26.7227937261
6254.0  26.7614919895
6255.0  26.8500469055
6256.0  26.9727050092
6257.0  27.1653574331
6258.0  27.3813488944
6259.0  27.8565893242
6260.0  29.4769530973
6261.0  37.0732032654
6262.0  68.9242128503
6263.0  159.420578313
6264.0  311.434177779
6265.0  464.038654266
6266.0  539.507701924
6267.0  531.74006731
6268.0  449.944267866
6269.0  305.711225998
6270.0  151.532937144
6271.0  61.3301917503
6272.0  34.7081582441
6273.0  29.2248843776
6274.0  28.0235661216
6275.0  27.5626757442
6276.0  27.2836000485
6277.0  27.1014155866
6278.0  26.9833977917
6279.0  26.8921251686
6280.0  26.8100109978
6281.0  26.7650849369
6282.0  26.7622734078
6283.0  26.73619552
6284.0  26.6961655217
6285.0  26.6782984575
6286.0  26.6633120262
6287.0  26.6789791968
6288.0  26.6909533157
6289.0  26.707081825
6290.0  26.7233249751
6291.0  26.7875210923
6292.0  26.8556077202
6293.0  26.894148043
6294.0  26.9004445459
6295.0  26.9409681209
6296.0  26.9532485532
6297.0  26.9790562512
6298.0  27.3111294269
6299.0  28.8483380073
6300.0  35.9890864171
6301.0  59.3205890939
6302.0  104.683227197
6303.0  158.614003261
6304.0  192.266303009
6305.0  196.648673472
6306.0  176.794628914
6307.0  134.554703313
6308.0  81.4942262786
6309.0  43.9850610931
6310.0  30.9693687165
6311.0  28.1931030382
6312.0  27.6242567154
6313.0  27.4690466587
6314.0  27.3658371154
6315.0  27.3131741928
6316.0  27.2143261604
6317.0  27.1317555822
6318.0  27.0450373749
6319.0  27.0664171588
6320.0  27.0939409199
6321.0  27.1540885447
6322.0  27.2123170618
6323.0  27.2875324388
6324.0  27.4731115112
6325.0  27.835093409
6326.0  28.4657066235
6327.0  29.4181922094
6328.0  32.0522194548
6329.0  43.8811854695
6330.0  93.0709074759
6331.0  226.753580275
6332.0  441.18453604
6333.0  647.87613173
6334.0  742.193139062
6335.0  723.383228129
6336.0  602.084220868
6337.0  396.640618147
6338.0  185.368835665
6339.0  68.5697997023
6340.0  36.3972646587
6341.0  29.9455426331
6342.0  28.4553485734
6343.0  27.9346398052
6344.0  27.6529983906
6345.0  27.5253565023
6346.0  27.4421719186
6347.0  27.330750164
6348.0  27.2541272747
6349.0  27.2602845985
6350.0  27.2632127814
6351.0  27.2459032268
6352.0  27.2201433978
6353.0  27.212227064
6354.0  27.197930663
6355.0  27.1461702102
6356.0  27.1132497686
6357.0  27.1056499603
6358.0  27.1605872969
6359.0  27.1664287005
6360.0  27.1670690155
6361.0  27.1925581062
6362.0  27.2346954786
6363.0  27.2992824818
6364.0  27.3518908384
6365.0  27.3931185201
6366.0  27.4156676995
6367.0  27.4268721741
6368.0  27.4814642172
6369.0  27.5447004248
6370.0  27.6134190117
6371.0  27.6960565485
6372.0  27.8322501096
6373.0  28.0261807853
6374.0  28.2948195791
6375.0  28.7201474157
6376.0  30.0430530557
6377.0  35.4757930587
6378.0  61.2407197765
6379.0  152.601194913
6380.0  349.293171913
6381.0  604.097491709
6382.0  789.230268432
6383.0  835.819099741
6384.0  764.358439959
6385.0  580.501574638
6386.0  332.582247986
6387.0  132.031474636
6388.0  52.2219808899
6389.0  34.6700163149
6390.0  31.2693096992
6391.0  30.5864466612
6392.0  30.6766176611
6393.0  31.1339669501
6394.0  32.1010083804
6395.0  35.0845797487
6396.0  47.6494990281
6397.0  108.376941931
6398.0  344.715527554
6399.0  910.342360672
6400.0  1728.1438788
6401.0  2439.06482017
6402.0  2700.29772345
6403.0  2553.06469764
6404.0  2034.18478324
6405.0  1245.16710089
6406.0  494.09256123
6407.0  139.47205469
6408.0  52.9679928223
6409.0  36.3453121669
6410.0  32.4298388063
6411.0  30.9149743991
6412.0  30.0688807187
6413.0  29.4467686966
6414.0  28.9615499498
6415.0  28.6166175051
6416.0  28.3786014949
6417.0  28.2057444067
6418.0  28.0890970877
6419.0  27.97817415
6420.0  27.8778320561
6421.0  27.7720507616
6422.0  27.721100546
6423.0  27.6614796586
6424.0  27.5245440588
6425.0  27.4087952043
6426.0  27.320530322
6427.0  27.265379861
6428.0  27.2055960946
6429.0  27.1679423076
6430.0  27.1373614605
6431.0  27.0916736551
6432.0  27.0926021731
6433.0  27.0709072429
6434.0  27.0577699873
6435.0  27.034281402
6436.0  27.0257176946
6437.0  26.9949555324
6438.0  26.9654674464
6439.0  26.9702178745
6440.0  26.9983106248
6441.0  27.0327418795
6442.0  27.1677061645
6443.0  27.3145289883
6444.0  27.4105622725
6445.0  27.4042447814
6446.0  27.3264292121
6447.0  27.1796936466
6448.0  27.0248609333
6449.0  26.9059167879
6450.0  26.8373619237
6451.0  26.7975443326
6452.0  26.7841601376
6453.0  26.7821077436
6454.0  26.7570260417
6455.0  26.7581395775
6456.0  26.7754650177
6457.0  26.768824932
6458.0  26.7571169484
6459.0  26.7621313269
6460.0  26.7231152169
6461.0  26.7234561501
6462.0  26.7454410586
6463.0  26.7116658281
6464.0  26.7191566759
6465.0  26.7380074097
6466.0  26.7568096266
6467.0  26.7543890391
6468.0  26.7259203385
6469.0  26.7206811464
6470.0  26.7177355782
6471.0  26.7288018854
6472.0  26.7467934529
6473.0  26.7215886864
6474.0  26.7240761187
6475.0  26.7242649751
6476.0  26.7155655087
6477.0  26.7132748183
6478.0  26.7528177895
6479.0  26.7718092592
6480.0  26.780194457
6481.0  26.7897773431
6482.0  26.786368136
6483.0  26.8042414474
6484.0  26.8286305685
6485.0  26.8927700408
6486.0  26.9081442114
6487.0  26.9514805976
6488.0  26.952802854
6489.0  27.0156696543
6490.0  27.0654953516
6491.0  27.1188396155
6492.0  27.1783569061
6493.0  27.290486873
6494.0  27.4065183181
6495.0  27.5713659961
6496.0  27.7438078114
6497.0  28.0036491921
6498.0  28.43697679
6499.0  29.422017315
6500.0  32.869939477
6501.0  49.5312970083
6502.0  122.592236456
6503.0  321.895565725
6504.0  641.484821869
6505.0  973.305271005
6506.0  1144.8175485
6507.0  1127.93295579
6508.0  950.464436098
6509.0  643.861485664
6510.0  305.259491798
6511.0  102.428686833
6512.0  43.5541041962
6513.0  31.8342447454
6514.0  29.2604851553
6515.0  28.4227351736
6516.0  28.0220356278
6517.0  27.7565739827
6518.0  27.6152412603
6519.0  27.4813477659
6520.0  27.3875658104
6521.0  27.3080401098
6522.0  27.2767517491
6523.0  27.256168548
6524.0  27.2754723462
6525.0  27.3974900947
6526.0  27.8393363273
6527.0  29.9854618813
6528.0  40.0660705994
6529.0  73.520552237
6530.0  138.117484038
6531.0  217.824335903
6532.0  273.322450718
6533.0  283.297108501
6534.0  255.263496561
6535.0  194.43778228
6536.0  116.447988773
6537.0  56.062829649
6538.0  33.5470235429
6539.0  28.5931848879
6540.0  27.4930932219
6541.0  27.1413148136
6542.0  26.9843438206
6543.0  26.8994242129
6544.0  26.8187806268
6545.0  26.786036418
6546.0  26.7397914787
6547.0  26.7004686751
6548.0  26.6533468431
6549.0  26.6334785585
6550.0  26.6038577029
6551.0  26.6075288132
6552.0  26.5807693252
6553.0  26.5698189279
6554.0  26.5592701648
6555.0  26.5466019777
6556.0  26.5346064053
6557.0  26.5290079919
6558.0  26.5344897349
6559.0  26.5230222061
6560.0  26.5126882865
6561.0  26.5033523024
6562.0  26.5079911354
6563.0  26.5277294503
6564.0  26.5068229589
6565.0  26.5011429699
6566.0  26.5243957747
6567.0  26.4968260808
6568.0  26.4955409861
6569.0  26.4752100254
6570.0  26.4886587491
6571.0  26.4974920382
6572.0  26.4943676257
6573.0  26.4786041727
6574.0  26.5204146375
6575.0  26.4769132732
6576.0  26.5040402125
6577.0  26.4990734715
6578.0  26.4912562578
6579.0  26.5077451083
6580.0  26.5219923648
6581.0  26.5538362244
6582.0  26.5487199262
6583.0  26.5693039471
6584.0  26.5967979963
6585.0  26.6260418739
6586.0  26.6418059772
6587.0  26.6886634983
6588.0  26.7492456759
6589.0  26.8342972353
6590.0  26.9378852253
6591.0  27.1605872334
6592.0  27.831342934
6593.0  30.681300919
6594.0  44.2185879975
6595.0  90.6150612043
6596.0  179.973578405
6597.0  293.554664418
6598.0  377.508891774
6599.0  395.559574008
6600.0  357.942610074
6601.0  274.587228787
6602.0  164.554499099
6603.0  73.3034204702
6604.0  37.383882384
6605.0  29.4836834805
6606.0  27.7732266259
6607.0  27.2186317825
6608.0  26.9881529216
6609.0  26.8567662967
6610.0  26.744642091
6611.0  26.6774663574
6612.0  26.6167535043
6613.0  26.5605201464
6614.0  26.5384536209
6615.0  26.5199710509
6616.0  26.4807909239
6617.0  26.4791083129
6618.0  26.4732729443
6619.0  26.4601272188
6620.0  26.4267073986
6621.0  26.4450265644
6622.0  26.4332889754
6623.0  26.4256417416
6624.0  26.4268288857
6625.0  26.4195490007
6626.0  26.4046461733
6627.0  26.4105579548
6628.0  26.4153572155
6629.0  26.4088223748
6630.0  26.4027756167
6631.0  26.4035480395
6632.0  26.3930950887
6633.0  26.4093588566
6634.0  26.3906127099
6635.0  26.3829166866
6636.0  26.3964020916
6637.0  26.4090160516
6638.0  26.4027122448
6639.0  26.4325769236
6640.0  26.4609779067
6641.0  26.4415248845
6642.0  26.4377624253
6643.0  26.4194303008
6644.0  26.3998247167
6645.0  26.4074925392
6646.0  26.4252327281
6647.0  26.4500785362
6648.0  26.6261705945
6649.0  27.0058293288
6650.0  27.499726077
6651.0  27.965414204
6652.0  28.1008094054
6653.0  28.0003791869
6654.0  27.6859867891
6655.0  27.2321757082
6656.0  26.8093503107
6657.0  26.6203706243
6658.0  26.593308848
6659.0  26.5508938486
6660.0  26.5801306908
6661.0  26.5970554343
6662.0  26.6321780369
6663.0  26.6920436623
6664.0  26.7664324808
6665.0  26.8243811366
6666.0  26.9069272227
6667.0  26.9916634092
6668.0  27.1068766253
6669.0  27.2436706719
6670.0  27.5226365315
6671.0  28.2521113582
6672.0  31.0256104795
6673.0  44.6046305513
6674.0  99.5503682604
6675.0  225.127942589
6676.0  406.394745491
6677.0  576.34582719
6678.0  644.369669212
6679.0  611.987828075
6680.0  496.863811371
6681.0  322.767538693
6682.0  145.40395095
6683.0  55.8070352523
6684.0  33.4905647941
6685.0  29.0069753371
6686.0  27.8633054191
6687.0  27.4145903216
6688.0  27.222631374
6689.0  27.0296462866
6690.0  26.9172926485
6691.0  26.8736950271
6692.0  26.7826707321
6693.0  26.7129438946
6694.0  26.6940437876
6695.0  26.6464156313
6696.0  26.6290968159
6697.0  26.6160893103
6698.0  26.5761983203
6699.0  26.5837792114
6700.0  26.5999406317
6701.0  26.5980578222
6702.0  26.6119627137
6703.0  26.6122612041
6704.0  26.6491930899
6705.0  26.6877532195
6706.0  26.7187708769
6707.0  26.7586622512
6708.0  26.8714045912
6709.0  27.0864929909
6710.0  27.5929332999
6711.0  29.8417433691
6712.0  40.7786065742
6713.0  79.975429307
6714.0  159.531156534
6715.0  266.044286464
6716.0  351.727541146
6717.0  374.469137691
6718.0  344.257330516
6719.0  269.94353388
6720.0  166.70197447
6721.0  76.0179213442
6722.0  37.9290681903
6723.0  29.4419106871
6724.0  27.6184794305
6725.0  27.0776763392
6726.0  26.8834443063
6727.0  26.7531196044
6728.0  26.6503055422
6729.0  26.556504065
6730.0  26.5001793659
6731.0  26.4591131535
6732.0  26.4169078682
6733.0  26.4122867391
6734.0  26.4077954532
6735.0  26.4008082554
6736.0  26.4171079781
6737.0  26.4283676939
6738.0  26.4287044235
6739.0  26.4166452353
6740.0  26.382243659
6741.0  26.3391333625
6742.0  26.3058991412
6743.0  26.2836552247
6744.0  26.2355878741
6745.0  26.2326428717
6746.0  26.2448889296
6747.0  26.2304770719
6748.0  26.2099288102
6749.0  26.2307089541
6750.0  26.2197877359
6751.0  26.2087776032
6752.0  26.2283420225
6753.0  26.1975335677
6754.0  26.1924256226
6755.0  26.2077796461
6756.0  26.2154244817
6757.0  26.2150485608
6758.0  26.2194120195
6759.0  26.2352651688
6760.0  26.2323505788
6761.0  26.2195234204
6762.0  26.2121819946
6763.0  26.1769221419
6764.0  26.1586452497
6765.0  26.1651751627
6766.0  26.1648167691
6767.0  26.1350420705
6768.0  26.1470527691
6769.0  26.1361149935
6770.0  26.1279315383
6771.0  26.1547375269
6772.0  26.1235159351
6773.0  26.1267358262
6774.0  26.1166350861
6775.0  26.1166605337
6776.0  26.1147647539
6777.0  26.1191689233
6778.0  26.1216178798
6779.0  26.1169465148
6780.0  26.1241031625
6781.0  26.1329146402
6782.0  26.1347051484
6783.0  26.1038489472
6784.0  26.0984513336
6785.0  26.1019586986
6786.0  26.1020935076
6787.0  26.1045902211
6788.0  26.0954640319
6789.0  26.1149383797
6790.0  26.0903844691
6791.0  26.0921455222
6792.0  26.0956069954
6793.0  26.1021364895
6794.0  26.0715441805
6795.0  26.0885839384
6796.0  26.1027165223
6797.0  26.068482312
6798.0  26.0784910341
6799.0  26.0802945366
6800.0  26.081660302
6801.0  26.0714091724
6802.0  26.0892162296
6803.0  26.0781103292
6804.0  26.0639691805
6805.0  26.062632571
6806.0  26.0518632587
6807.0  26.0487472551
6808.0  26.058383449
6809.0  26.0603482488
6810.0  26.0586530273
6811.0  26.0497898634
6812.0  26.0535413945
6813.0  26.0478778434
6814.0  26.0445928555
6815.0  26.0438810219
6816.0  26.0376457957
6817.0  26.0305246718
6818.0  26.030643224
6819.0  26.031
