4555.0  17.1541681978
4556.0  17.1611468541
4557.0  17.1510715505
4558.0  17.1636567543
4559.0  17.1656158326
4560.0  17.1651941895
4561.0  17.1589424377
4562.0  17.16387993
4563.0  17.1540245518
4564.0  17.1567532
4565.0  17.1466753627
4566.0  17.1552263871
4567.0  17.1533909603
4568.0  17.1717692811
4569.0  17.1764471752
4570.0  17.1687688829
4571.0  17.1700070766
4572.0  17.1676578717
4573.0  17.1591944613
4574.0  17.1672617706
4575.0  17.170849181
4576.0  17.1659460998
4577.0  17.1564636876
4578.0  17.1657575901
4579.0  17.1553858759
4580.0  17.1486480348
4581.0  17.144979135
4582.0  17.1421133593
4583.0  17.1457312182
4584.0  17.1417092812
4585.0  17.1393135358
4586.0  17.1531106388
4587.0  17.163788098
4588.0  17.1769832629
4589.0  17.1701832968
4590.0  17.1640648389
4591.0  17.1595836499
4592.0  17.1681870028
4593.0  17.1868888381
4594.0  17.2022836415
4595.0  17.20938464
4596.0  17.2052612015
4597.0  17.2105913541
4598.0  17.193285268
4599.0  17.1627885723
4600.0  17.1601348909
4601.0  17.1669313565
4602.0  17.1622183304
4603.0  17.1612027747
4604.0  17.1627034446
4605.0  17.1646123915
4606.0  17.175331219
4607.0  17.1803871259
4608.0  17.1869638614
4609.0  17.1807227248
4610.0  17.1874450386
4611.0  17.1718017087
4612.0  17.1707103616
4613.0  17.1621647187
4614.0  17.1809171597
4615.0  17.1844753967
4616.0  17.1804034135
4617.0  17.1746819857
4618.0  17.1800192423
4619.0  17.1839225549
4620.0  17.1879687338
4621.0  17.1908192504
4622.0  17.2003134822
4623.0  17.1967058272
4624.0  17.1995477145
4625.0  17.2034075654
4626.0  17.2157271869
4627.0  17.2155338535
4628.0  17.2177880562
4629.0  17.2230880892
4630.0  17.2098955054
4631.0  17.1975252082
4632.0  17.1920204123
4633.0  17.1950808321
4634.0  17.1877116377
4635.0  17.1854057256
4636.0  17.1780799837
4637.0  17.1709215899
4638.0  17.1863923483
4639.0  17.1863976049
4640.0  17.1809858428
4641.0  17.1807766852
4642.0  17.1882715329
4643.0  17.193293697
4644.0  17.1804190522
4645.0  17.1799281765
4646.0  17.1827577998
4647.0  17.1823754224
4648.0  17.1771815089
4649.0  17.1918089047
4650.0  17.1919889164
4651.0  17.2039228895
4652.0  17.2013081916
4653.0  17.2011197255
4654.0  17.2032002289
4655.0  17.2103058324
4656.0  17.2167473281
4657.0  17.2252227496
4658.0  17.2229236265
4659.0  17.2164275232
4660.0  17.2140815205
4661.0  17.2076273598
4662.0  17.2095896443
4663.0  17.1985287963
4664.0  17.1909971063
4665.0  17.1918384899
4666.0  17.1821403405
4667.0  17.1702166854
4668.0  17.1771989727
4669.0  17.174264704
4670.0  17.1793687654
4671.0  17.1880309216
4672.0  17.2040835358
4673.0  17.2101800094
4674.0  17.2115335728
4675.0  17.2053651758
4676.0  17.2002852871
4677.0  17.1998588235
4678.0  17.2019974671
4679.0  17.1963622211
4680.0  17.1967687762
4681.0  17.1968408639
4682.0  17.2078445714
4683.0  17.207640347
4684.0  17.2051397116
4685.0  17.20059543
4686.0  17.1925435658
4687.0  17.1976845004
4688.0  17.2102692556
4689.0  17.1921168615
4690.0  17.1998505675
4691.0  17.1950212737
4692.0  17.201365229
4693.0  17.2073102681
4694.0  17.2149143871
4695.0  17.2109934339
4696.0  17.2201773236
4697.0  17.2068153641
4698.0  17.2131866239
4699.0  17.2277743362
4700.0  17.2490618805
4701.0  17.2549263039
4702.0  17.2632834728
4703.0  17.2665935145
4704.0  17.2497493759
4705.0  17.2179691053
4706.0  17.2059964547
4707.0  17.2044000422
4708.0  17.2106822962
4709.0  17.2059557313
4710.0  17.2079931797
4711.0  17.2138627708
4712.0  17.2152165484
4713.0  17.2117290311
4714.0  17.2100968217
4715.0  17.2170031672
4716.0  17.2234362584
4717.0  17.2326651547
4718.0  17.2349526181
4719.0  17.2231893618
4720.0  17.2332335955
4721.0  17.2389067856
4722.0  17.241746016
4723.0  17.2459437654
4724.0  17.2382949934
4725.0  17.2381721002
4726.0  17.2430510591
4727.0  17.2302398265
4728.0  17.2115804066
4729.0  17.2022105899
4730.0  17.2061227476
4731.0  17.212152157
4732.0  17.2258516377
4733.0  17.2320085269
4734.0  17.2174864477
4735.0  17.2288776722
4736.0  17.2247243577
4737.0  17.2216842755
4738.0  17.2264555901
4739.0  17.2243049069
4740.0  17.2236444264
4741.0  17.2302610867
4742.0  17.2328484713
4743.0  17.2397160216
4744.0  17.243382368
4745.0  17.2469650349
4746.0  17.236998441
4747.0  17.2366652667
4748.0  17.232767501
4749.0  17.2330739723
4750.0  17.240336943
4751.0  17.2358340439
4752.0  17.2361386994
4753.0  17.2235063519
4754.0  17.2187976179
4755.0  17.2246196291
4756.0  17.223877386
4757.0  17.2308299078
4758.0  17.2235157015
4759.0  17.2309935321
4760.0  17.2265201507
4761.0  17.2260970731
4762.0  17.2118431006
4763.0  17.2157481383
4764.0  17.2077715981
4765.0  17.2127746647
4766.0  17.213316739
4767.0  17.2171312914
4768.0  17.2224564051
4769.0  17.2279848245
4770.0  17.2403195949
4771.0  17.2265635508
4772.0  17.2338524379
4773.0  17.2383371145
4774.0  17.2327267887
4775.0  17.2400644991
4776.0  17.2443212924
4777.0  17.2447544074
4778.0  17.2366477085
4779.0  17.2440121866
4780.0  17.238115932
4781.0  17.239970109
4782.0  17.2356490091
4783.0  17.2331833285
4784.0  17.2413126873
4785.0  17.2389609949
4786.0  17.230150746
4787.0  17.2201179236
4788.0  17.2210641159
4789.0  17.2180441946
4790.0  17.2319116238
4791.0  17.2252170899
4792.0  17.2295631497
4793.0  17.2433462265
4794.0  17.2484127825
4795.0  17.2481929266
4796.0  17.2397131318
4797.0  17.2415169657
4798.0  17.2270365582
4799.0  17.2131025028
4800.0  17.2254072412
4801.0  17.2272584036
4802.0  17.2304854431
4803.0  17.2481767701
4804.0  17.2381828204
4805.0  17.2226751936
4806.0  17.2341432786
4807.0  17.2222605003
4808.0  17.2252047941
4809.0  17.2120657486
4810.0  17.218849255
4811.0  17.2231940768
4812.0  17.2240573646
4813.0  17.2255441249
4814.0  17.2316674729
4815.0  17.2495707539
4816.0  17.2487450685
4817.0  17.24229612
4818.0  17.2361573483
4819.0  17.2402273089
4820.0  17.2476857054
4821.0  17.246112273
4822.0  17.2454116229
4823.0  17.2274294054
4824.0  17.2304243894
4825.0  17.2414237201
4826.0  17.2399900465
4827.0  17.238395175
4828.0  17.2355119666
4829.0  17.2415749825
4830.0  17.2448130647
4831.0  17.2465078653
4832.0  17.2435358176
4833.0  17.2486902741
4834.0  17.2512696358
4835.0  17.2510156811
4836.0  17.2399952885
4837.0  17.2472054473
4838.0  17.2446765612
4839.0  17.241402708
4840.0  17.2287288772
4841.0  17.2224873388
4842.0  17.2340462866
4843.0  17.255219644
4844.0  17.2456998432
4845.0  17.2529192357
4846.0  17.2530214758
4847.0  17.2621982182
4848.0  17.2646617226
4849.0  17.2446025916
4850.0  17.2426622819
4851.0  17.2490721308
4852.0  17.2423463848
4853.0  17.2469342768
4854.0  17.2186714252
4855.0  17.2168221747
4856.0  17.2098925078
4857.0  17.2067279557
4858.0  17.1822031393
4859.0  17.1648364397
4860.0  17.1603427448
4861.0  17.1497915721
4862.0  17.1497423592
4863.0  17.181346019
4864.0  17.2084769372
4865.0  17.2139847214
4866.0  17.226072805
4867.0  17.2476812264
4868.0  17.2381432477
4869.0  17.2244191497
4870.0  17.2253879668
4871.0  17.2237753163
4872.0  17.2284629351
4873.0  17.2376328591
4874.0  17.2553368011
4875.0  17.2675034532
4876.0  17.2566024508
4877.0  17.2595137234
4878.0  17.2603649941
4879.0  17.2581409049
4880.0  17.2613061855
4881.0  17.283725444
4882.0  17.2627005166
4883.0  17.2507591734
4884.0  17.2457518331
4885.0  17.2469081723
4886.0  17.2457816551
4887.0  17.2585242564
4888.0  17.2462497445
4889.0  17.2305446289
4890.0  17.2328929379
4891.0  17.2362884178
4892.0  17.2416928122
4893.0  17.2681979655
4894.0  17.2770984186
4895.0  17.2807405964
4896.0  17.2875390609
4897.0  17.2832767612
4898.0  17.2812347905
4899.0  17.2843559956
4900.0  17.2880811959
4901.0  17.286596232
4902.0  17.2951649519
4903.0  17.2857511094
4904.0  17.278263384
4905.0  17.2773437638
4906.0  17.2742777348
4907.0  17.2860372216
4908.0  17.2896699043
4909.0  17.2697693026
4910.0  17.275256938
4911.0  17.2797090373
4912.0  17.2749327228
4913.0  17.2914065398
4914.0  17.3023836137
4915.0  17.2977988891
4916.0  17.2908875899
4917.0  17.2569773798
4918.0  17.2361396261
4919.0  17.2385928847
4920.0  17.2375402439
4921.0  17.246675635
4922.0  17.2618636149
4923.0  17.2760191303
4924.0  17.2742534663
4925.0  17.2825540257
4926.0  17.2768521769
4927.0  17.301350785
4928.0  17.3029960789
4929.0  17.325041685
4930.0  17.3147637693
4931.0  17.3062998382
4932.0  17.3130587884
4933.0  17.3023232833
4934.0  17.2932490762
4935.0  17.2835024599
4936.0  17.2736888757
4937.0  17.2754193904
4938.0  17.2819659913
4939.0  17.2777607033
4940.0  17.2806714666
4941.0  17.2860426975
4942.0  17.2948853769
4943.0  17.2953954614
4944.0  17.3079462084
4945.0  17.3018146166
4946.0  17.3002851401
4947.0  17.3031275063
4948.0  17.2982075885
4949.0  17.3103363215
4950.0  17.3290788763
4951.0  17.302456572
4952.0  17.3033074411
4953.0  17.2998732688
4954.0  17.3055714387
4955.0  17.2963963043
4956.0  17.2872825644
4957.0  17.2861602546
4958.0  17.279171813
4959.0  17.2835714653
4960.0  17.3053339026
4961.0  17.3223902448
4962.0  17.3183483665
4963.0  17.3068168526
4964.0  17.3126188614
4965.0  17.3063295528
4966.0  17.297474306
4967.0  17.3093181569
4968.0  17.2926239565
4969.0  17.2886684642
4970.0  17.3033179219
4971.0  17.3155627517
4972.0  17.3147595017
4973.0  17.3184069231
4974.0  17.3204850933
4975.0  17.3232682631
4976.0  17.3189546203
4977.0  17.3126605138
4978.0  17.2929072361
4979.0  17.2976523931
4980.0  17.2873724008
4981.0  17.270192266
4982.0  17.2612003496
4983.0  17.2677014009
4984.0  17.2586575228
4985.0  17.2650432482
4986.0  17.2806003815
4987.0  17.2976804638
4988.0  17.3044097087
4989.0  17.3159834697
4990.0  17.3222092381
4991.0  17.3093201234
4992.0  17.3042638451
4993.0  17.2985017767
4994.0  17.29779789
4995.0  17.2997353691
4996.0  17.2970371186
4997.0  17.2892975102
4998.0  17.2755358306
4999.0  17.2721508961
5000.0  17.260137098
5001.0  17.2511756874
5002.0  17.2682965336
5003.0  17.2641996779
5004.0  17.2580549521
5005.0  17.2516393361
5006.0  17.2548075768
5007.0  17.2575389899
5008.0  17.2615478304
5009.0  17.2711020601
5010.0  17.2649712961
5011.0  17.2538069602
5012.0  17.2553114947
5013.0  17.240260613
5014.0  17.2502797954
5015.0  17.2365818166
5016.0  17.2267771829
5017.0  17.2280113578
5018.0  17.2407669038
5019.0  17.2467887602
5020.0  17.2369866259
5021.0  17.2446361402
5022.0  17.247376289
5023.0  17.2499609245
5024.0  17.2404362302
5025.0  17.2433905551
5026.0  17.2445225464
5027.0  17.2383738488
5028.0  17.2528389207
5029.0  17.2449595221
5030.0  17.239601476
5031.0  17.2490887897
5032.0  17.2531644823
5033.0  17.249821223
5034.0  17.2430246017
5035.0  17.2407053415
5036.0  17.2320102892
5037.0  17.2288285556
5038.0  17.2038125031
5039.0  17.2077709557
5040.0  17.1987488033
5041.0  17.1900456602
5042.0  17.208809979
5043.0  17.2268126749
5044.0  17.2377771667
5045.0  17.2295769714
5046.0  17.2327557291
5047.0  17.2469587317
5048.0  17.2415584912
5049.0  17.2270305726
5050.0  17.2278066477
5051.0  17.2381201882
5052.0  17.2502793322
5053.0  17.2373177727
5054.0  17.2683492182
5055.0  17.2734103697
5056.0  17.2560607368
5057.0  17.259753911
5058.0  17.2827198091
5059.0  17.2749992186
5060.0  17.2827768764
5061.0  17.2686796359
5062.0  17.2681685344
5063.0  17.259004664
5064.0  17.2568475696
5065.0  17.2383165459
5066.0  17.2417217352
5067.0  17.2421630845
5068.0  17.2503582568
5069.0  17.255617961
5070.0  17.2574935837
5071.0  17.2513102682
5072.0  17.2668032284
5073.0  17.2639076172
5074.0  17.2567281317
5075.0  17.2551290697
5076.0  17.2616671658
5077.0  17.2436210314
5078.0  17.2396349988
5079.0  17.2320534945
5080.0  17.2364777294
5081.0  17.2414936878
5082.0  17.2537976271
5083.0  17.2495968751
5084.0  17.2517757694
5085.0  17.2656857158
5086.0  17.2761508961
5087.0  17.277661276
5088.0  17.2749920319
5089.0  17.2735969749
5090.0  17.2746060632
5091.0  17.2781517891
5092.0  17.2694019539
5093.0  17.2854795263
5094.0  17.2898090047
5095.0  17.2737643268
5096.0  17.2693661485
5097.0  17.2549732582
5098.0  17.2454049498
5099.0  17.2498003689
5100.0  17.2595892515
5101.0  17.2828921739
5102.0  17.2741455692
5103.0  17.2869571824
5104.0  17.2922266849
5105.0  17.2709710517
5106.0  17.2675447578
5107.0  17.2586300413
5108.0  17.2586433398
5109.0  17.2711954358
5110.0  17.2738482953
5111.0  17.2725707564
5112.0  17.2823170915
5113.0  17.2854116233
5114.0  17.2993786757
5115.0  17.2886012674
5116.0  17.3025529861
5117.0  17.3194831879
5118.0  17.3001907514
5119.0  17.3004587809
5120.0  17.2948393655
5121.0  17.2688276029
5122.0  17.2644803899
5123.0  17.2626466908
5124.0  17.259501526
5125.0  17.2751708154
5126.0  17.2785461831
5127.0  17.2717558755
5128.0  17.2707961507
5129.0  17.2865927346
5130.0  17.2922349494
5131.0  17.2890904985
5132.0  17.2774572395
5133.0  17.2766931303
5134.0  17.2991572095
5135.0  17.304451923
5136.0  17.290707843
5137.0  17.2850828944
5138.0  17.2801158687
5139.0  17.2763504933
5140.0  17.2641462696
5141.0  17.2760810793
5142.0  17.2764832744
5143.0  17.2811044673
5144.0  17.2691226381
5145.0  17.2678442292
5146.0  17.2613397026
5147.0  17.2731806326
5148.0  17.2873988581
5149.0  17.2978598917
5150.0  17.3062521742
5151.0  17.2942956465
5152.0  17.2985618886
5153.0  17.2998582696
5154.0  17.2953698163
5155.0  17.296802303
5156.0  17.2905977073
5157.0  17.2809727481
5158.0  17.3075223234
5159.0  17.3160850485
5160.0  17.3391199224
5161.0  17.3433697282
5162.0  17.3364554182
5163.0  17.3174410963
5164.0  17.2728304157
5165.0  17.2347974615
5166.0  17.2104039085
5167.0  17.2039524515
5168.0  17.1992054308
5169.0  17.1990804778
5170.0  17.199453053
5171.0  17.1889220873
5172.0  17.1924806762
5173.0  17.1993515903
5174.0  17.2187081408
5175.0  17.2597056079
5176.0  17.2857694249
5177.0  17.28318235
5178.0  17.2759886965
5179.0  17.2779067445
5180.0  17.245109186
5181.0  17.2271262847
5182.0  17.2100210159
5183.0  17.2013661639
5184.0  17.2101997822
5185.0  17.2514772971
5186.0  17.2976645802
5187.0  17.3272615387
5188.0  17.3526228558
5189.0  17.3206053798
5190.0  17.2864775877
5191.0  17.2602082144
5192.0  17.2543009905
5193.0  17.2597128647
5194.0  17.2501776669
5195.0  17.2504550743
5196.0  17.2619120428
5197.0  17.274278792
5198.0  17.2787003911
5199.0  17.2822657125
5200.0  17.2806920821
5201.0  17.2782736881
5202.0  17.2794108588
5203.0  17.2883326091
5204.0  17.2788031733
5205.0  17.2532018797
5206.0  17.2419945832
5207.0  17.231868593
5208.0  17.2412229125
5209.0  17.2657215273
5210.0  17.2727242896
5211.0  17.2733182899
5212.0  17.297402141
5213.0  17.2772201067
5214.0  17.2720222824
5215.0  17.2690095209
5216.0  17.2744510038
5217.0  17.2900719609
5218.0  17.284147396
5219.0  17.3026011927
5220.0  17.3151959282
5221.0  17.3202927234
5222.0  17.3186899716
5223.0  17.3023376255
5224.0  17.2901683628
5225.0  17.2529423112
5226.0  17.2318006529
5227.0  17.231753894
5228.0  17.2423521967
5229.0  17.2615030366
5230.0  17.2549921827
5231.0  17.2513990098
5232.0  17.2602367374
5233.0  17.25782045
5234.0  17.2471668084
5235.0  17.2581038872
5236.0  17.2656797415
5237.0  17.2611667927
5238.0  17.2786911595
5239.0  17.2818058802
5240.0  17.2736473034
5241.0  17.2684788801
5242.0  17.2702132522
5243.0  17.2765866589
5244.0  17.2734796643
5245.0  17.2689602186
5246.0  17.2591243238
5247.0  17.2601544212
5248.0  17.2527103861
5249.0  17.2529064482
5250.0  17.2486213903
5251.0  17.2664356031
5252.0  17.272397939
5253.0  17.2579592448
5254.0  17.2471776526
5255.0  17.2481401512
5256.0  17.2530129754
5257.0  17.2530203102
5258.0  17.2628599088
5259.0  17.2640121139
5260.0  17.227725548
5261.0  17.221820672
5262.0  17.2191790616
5263.0  17.2041874478
5264.0  17.1914440804
5265.0  17.1667589094
5266.0  17.1823911251
5267.0  17.1786003947
5268.0  17.1701804907
5269.0  17.1779835408
5270.0  17.1861305622
5271.0  17.1927552643
5272.0  17.1915517028
5273.0  17.2004077268
5274.0  17.2045388891
5275.0  17.2165033284
5276.0  17.2099141526
5277.0  17.2065719831
5278.0  17.2104348784
5279.0  17.2241149061
5280.0  17.222473198
5281.0  17.2179441066
5282.0  17.2028298331
5283.0  17.2066828364
5284.0  17.2170546253
5285.0  17.2295385876
5286.0  17.2205394225
5287.0  17.2285519564
5288.0  17.2263270659
5289.0  17.2374052433
5290.0  17.2319640862
5291.0  17.2247468581
5292.0  17.2199040107
5293.0  17.2104331926
5294.0  17.2156390687
5295.0  17.2048038121
5296.0  17.2004062392
5297.0  17.1929872018
5298.0  17.1804770966
5299.0  17.1819573916
5300.0  17.1897749777
5301.0  17.2013260427
5302.0  17.1968603228
5303.0  17.2044735829
5304.0  17.2085762982
5305.0  17.2138487316
5306.0  17.2165348642
5307.0  17.2157801419
5308.0  17.2129239964
5309.0  17.2106712107
5310.0  17.2185844348
5311.0  17.2200362454
5312.0  17.2096879439
5313.0  17.2095858177
5314.0  17.1937440839
5315.0  17.2073015115
5316.0  17.2091522434
5317.0  17.2084586966
5318.0  17.2084994648
5319.0  17.196523143
5320.0  17.2058369943
5321.0  17.2075822343
5322.0  17.2012590015
5323.0  17.1982008822
5324.0  17.1915881072
5325.0  17.1831679484
5326.0  17.1725371456
5327.0  17.1682871531
5328.0  17.1669568073
5329.0  17.1843546444
5330.0  17.1819890544
5331.0  17.1985581233
5332.0  17.2097336101
5333.0  17.2054261921
5334.0  17.2159996146
5335.0  17.2124140883
5336.0  17.2177602622
5337.0  17.2212358668
5338.0  17.2011507234
5339.0  17.1976450825
5340.0  17.1979598448
5341.0  17.2106443823
5342.0  17.2038784911
5343.0  17.207096618
5344.0  17.2257385714
5345.0  17.2274085247
5346.0  17.2268015416
5347.0  17.2201226417
5348.0  17.2141522402
5349.0  17.2310368002
5350.0  17.2269169404
5351.0  17.2285000977
5352.0  17.2361685548
5353.0  17.2318649001
5354.0  17.2461557332
5355.0  17.2531652349
5356.0  17.2510925401
5357.0  17.2437073753
5358.0  17.2535279306
5359.0  17.2579167851
5360.0  17.2467942486
5361.0  17.2365150984
5362.0  17.2251168189
5363.0  17.2313614097
5364.0  17.2411184506
5365.0  17.2287221209
5366.0  17.2249493587
5367.0  17.2216998734
5368.0  17.2102577539
5369.0  17.216862244
5370.0  17.2159378137
5371.0  17.2129021695
5372.0  17.2243309301
5373.0  17.2341941817
5374.0  17.2413516791
5375.0  17.2397860489
5376.0  17.2427135905
5377.0  17.2306162246
5378.0  17.2424923277
5379.0  17.2431560176
5380.0  17.2201259256
5381.0  17.2226265827
5382.0  17.232914381
5383.0  17.2315496629
5384.0  17.2319849156
5385.0  17.2422518359
5386.0  17.2374423729
5387.0  17.2448691171
5388.0  17.2392405553
5389.0  17.2407361953
5390.0  17.2388067202
5391.0  17.235777197
5392.0  17.2265993641
5393.0  17.2092903258
5394.0  17.2240159624
5395.0  17.2136965343
5396.0  17.2194004704
5397.0  17.2109704388
5398.0  17.2040729018
5399.0  17.2169149926
5400.0  17.2210060011
5401.0  17.2167965934
5402.0  17.2089143879
5403.0  17.2002823093
5404.0  17.2033542067
5405.0  17.1936800128
5406.0  17.1875681845
5407.0  17.1887705695
5408.0  17.2021127606
5409.0  17.2048733798
5410.0  17.2172672858
5411.0  17.2163953923
5412.0  17.2192733886
5413.0  17.2195103264
5414.0  17.2146626796
5415.0  17.2180928876
5416.0  17.2157356119
5417.0  17.2252018294
5418.0  17.2163955677
5419.0  17.2348572756
5420.0  17.2499536462
5421.0  17.2379868398
5422.0  17.2312152477
5423.0  17.2277251711
5424.0  17.2065750577
5425.0  17.2113744853
5426.0  17.2118208899
5427.0  17.2154648399
5428.0  17.2033045829
5429.0  17.2007637783
5430.0  17.208568387
5431.0  17.2033924048
5432.0  17.1989657044
5433.0  17.2014536974
5434.0  17.1980194113
5435.0  17.202789111
5436.0  17.1992859497
5437.0  17.2091368737
5438.0  17.2209984723
5439.0  17.2394473754
5440.0  17.2540190164
5441.0  17.2397797637
5442.0  17.2305578422
5443.0  17.2239847924
5444.0  17.2162652296
5445.0  17.2010971677
5446.0  17.1977642999
5447.0  17.2010917683
5448.0  17.2132187863
5449.0  17.2329691222
5450.0  17.2604310311
5451.0  17.2696738146
5452.0  17.2564345086
5453.0  17.2392909041
5454.0  17.2280002454
5455.0  17.2219549676
5456.0  17.216497528
5457.0  17.2201530028
5458.0  17.2261147221
5459.0  17.2368004508
5460.0  17.2327422959
5461.0  17.2152896466
5462.0  17.2170975927
5463.0  17.2108799363
5464.0  17.1888771598
5465.0  17.1957056664
5466.0  17.2181893859
5467.0  17.2132541181
5468.0  17.2132704771
5469.0  17.2065175181
5470.0  17.2138199419
5471.0  17.2277666593
5472.0  17.2212209596
5473.0  17.2082069616
5474.0  17.2021638998
5475.0  17.1983539567
5476.0  17.1812504493
5477.0  17.1827544962
5478.0  17.1978864505
5479.0  17.1973957391
5480.0  17.194154652
5481.0  17.1943885579
5482.0  17.1986457696
5483.0  17.2020676857
5484.0  17.2020526305
5485.0  17.2081104872
5486.0  17.2035375408
5487.0  17.1953649659
5488.0  17.1878484093
5489.0  17.1979893223
5490.0  17.2041357701
5491.0  17.203968765
5492.0  17.231654116
5493.0  17.2631409544
5494.0  17.2990491921
5495.0  17.3218315167
5496.0  17.3358230793
5497.0  17.3177997966
5498.0  17.2709983155
5499.0  17.2390734017
5500.0  17.2034622065
5501.0  17.2019766944
5502.0  17.1994735036
5503.0  17.207585685
5504.0  17.2050264285
5505.0  17.2047119426
5506.0  17.215640919
5507.0  17.2207020247
5508.0  17.204030695
5509.0  17.1927560816
5510.0  17.1872269675
5511.0  17.1832376554
5512.0  17.1826343275
5513.0  17.1938002503
5514.0  17.2054820668
5515.0  17.1975363112
5516.0  17.2006588306
5517.0  17.2030682414
5518.0  17.2018043608
5519.0  17.2053426237
5520.0  17.205722939
5521.0  17.2115362942
5522.0  17.2163045878
5523.0  17.2099824252
5524.0  17.2057009212
5525.0  17.2058824903
5526.0  17.1976459543
5527.0  17.1945375624
5528.0  17.1792237864
5529.0  17.1745006971
5530.0  17.1901490656
5531.0  17.1974691471
5532.0  17.2027543357
5533.0  17.2030880534
5534.0  17.2111288681
5535.0  17.2137154568
5536.0  17.1963576443
5537.0  17.2026580921
5538.0  17.2074319287
5539.0  17.1988301185
5540.0  17.2151492614
5541.0  17.210498573
5542.0  17.2107770419
5543.0  17.2082309508
5544.0  17.1988659502
5545.0  17.205722356
5546.0  17.2126072803
5547.0  17.2149545215
5548.0  17.2201578472
5549.0  17.2144863857
5550.0  17.2090272642
5551.0  17.2071250408
5552.0  17.2094390867
5553.0  17.205365056
5554.0  17.2143565876
5555.0  17.2407322776
5556.0  17.2853866767
5557.0  17.3463402831
5558.0  17.3831961333
5559.0  17.3795472325
5560.0  17.3367854414
5561.0  17.297654904
5562.0  17.258015384
5563.0  17.2172565516
5564.0  17.2073737164
5565.0  17.1906634538
5566.0  17.1891243395
5567.0  17.1920181654
5568.0  17.1999323311
5569.0  17.2124163978
5570.0  17.2178642369
5571.0  17.2262448876
5572.0  17.2478198403
5573.0  17.2454476266
5574.0  17.2736238667
5575.0  17.2996078752
5576.0  17.3191515733
5577.0  17.3389179224
5578.0  17.3182151687
5579.0  17.2935603079
5580.0  17.2437650817
5581.0  17.2126939211
5582.0  17.2074323698
5583.0  17.2057056326
5584.0  17.1892579493
5585.0  17.1823218721
5586.0  17.1736566102
5587.0  17.1655345682
5588.0  17.1560875529
5589.0  17.163022476
5590.0  17.1665907622
5591.0  17.1612968182
5592.0  17.1634770797
5593.0  17.1775333786
5594.0  17.1687426928
5595.0  17.1694731945
5596.0  17.1788718457
5597.0  17.1775485581
5598.0  17.1786230346
5599.0  17.1800734196
5600.0  17.1818055547
5601.0  17.1659779144
5602.0  17.1758174279
5603.0  17.2005896298
5604.0  17.2571984639
5605.0  17.3084261108
5606.0  17.3392021108
5607.0  17.3547333065
5608.0  17.3202069159
5609.0  17.2768042154
5610.0  17.2243976986
5611.0  17.1820451438
5612.0  17.1629897273
5613.0  17.1675050061
5614.0  17.1503265591
5615.0  17.1391211032
5616.0  17.1388022462
5617.0  17.1409757377
5618.0  17.1392718751
5619.0  17.1424617055
5620.0  17.1494468015
5621.0  17.1493428906
5622.0  17.1612860915
5623.0  17.1602678037
5624.0  17.1497230152
5625.0  17.1420305725
5626.0  17.1462251757
5627.0  17.1491692074
5628.0  17.1565840078
5629.0  17.1568918087
5630.0  17.1524142492
5631.0  17.1468331148
5632.0  17.1581747877
5633.0  17.1529498695
5634.0  17.1540738711
5635.0  17.1494222644
5636.0  17.1342707132
5637.0  17.1387255166
5638.0  17.1345890847
5639.0  17.1395534902
5640.0  17.1341979121
5641.0  17.1375567646
5642.0  17.1473556056
5643.0  17.1454573235
5644.0  17.1334761539
5645.0  17.1398386846
5646.0  17.1410098526
5647.0  17.16430542
5648.0  17.1941379674
5649.0  17.2281011527
5650.0  17.2429935831
5651.0  17.2233512961
5652.0  17.2058030891
5653.0  17.1830109281
5654.0  17.159704754
5655.0  17.1421681795
5656.0  17.1301364822
5657.0  17.1246951936
5658.0  17.1184982044
5659.0  17.141153302
5660.0  17.1380492507
5661.0  17.1173569814
5662.0  17.1213357479
5663.0  17.1185629576
5664.0  17.1134526708
5665.0  17.1138242056
5666.0  17.1096463929
5667.0  17.1218873259
5668.0  17.1235458036
5669.0  17.1233748211
5670.0  17.1174065258
5671.0  17.1171189574
5672.0  17.1226899692
5673.0  17.1338810121
5674.0  17.1235808216
5675.0  17.1186543936
5676.0  17.1228038272
5677.0  17.115235019
5678.0  17.1152066722
5679.0  17.1155301068
5680.0  17.1275301507
5681.0  17.1308158208
5682.0  17.1133458865
5683.0  17.1062463196
5684.0  17.1145293965
5685.0  17.1168529833
5686.0  17.1065555959
5687.0  17.1122684169
5688.0  17.1109921698
5689.0  17.1158183
5690.0  17.1148237187
5691.0  17.1082265992
5692.0  17.1104583244
5693.0  17.1049745376
5694.0  17.1079021106
5695.0  17.1013066174
5696.0  17.1061561663
5697.0  17.1091129027
5698.0  17.1072079139
5699.0  17.1013927132
5700.0  17.1014831692
5701.0  17.0875243884
5702.0  17.0960567486
5703.0  17.0921231775
5704.0  17.0862720146
5705.0  17.0841691258
5706.0  17.0922383908
5707.0  17.0797327467
5708.0  17.0781227872
5709.0  17.0707041286
5710.0  17.0710641513
5711.0  17.0811432082
5712.0  17.0624020113
5713.0  17.0804130901
5714.0  17.0883669667
5715.0  17.0981175893
5716.0  17.091666986
5717.0  17.0864677295
5718.0  17.0788776438
5719.0  17.0824248618
5720.0  17.0876791499
5721.0  17.0929231959
5722.0  17.0843491533
5723.0  17.0817269607
5724.0  17.0875673734
5725.0  17.0877503159
5726.0  17.078026295
5727.0  17.0853563161
5728.0  17.0858245007
5729.0  17.0830087201
5730.0  17.0821979529
5731.0  17.082835429
5732.0  17.0773538935
5733.0  17.0879963575
5734.0  17.0883832114
5735.0  17.0954282426
5736.0  17.0881227148
5737.0  17.0941597023
5738.0  17.1157854747
5739.0  17.1243075597
5740.0  17.1234872892
5741.0  17.1177689872
5742.0  17.1046884377
5743.0  17.0964477312
5744.0  17.0879503096
5745.0  17.0779230927
5746.0  17.0781145671
5747.0  17.0737356636
5748.0  17.072639646
5749.0  17.0789779326
5750.0  17.0711685213
5751.0  17.0635806313
5752.0  17.0638434913
5753.0  17.0766155474
5754.0  17.0743361895
5755.0  17.0805346045
5756.0  17.074537161
5757.0  17.0811857384
5758.0  17.0717033987
5759.0  17.0652501842
5760.0  17.0756586348
5761.0  17.0751820376
5762.0  17.073704621
5763.0  17.0646109514
5764.0  17.0687371227
5765.0  17.0837161614
5766.0  17.0902061998
5767.0  17.0918865838
5768.0  17.0932024762
5769.0  17.0947317337
5770.0  17.0981891701
5771.0  17.1056397883
5772.0  17.1079933584
5773.0  17.0912694109
5774.0  17.0910606309
5775.0  17.0928718685
5776.0  17.0935129612
5777.0  17.0924195626
5778.0  17.0920196883
5779.0  17.0924516293
5780.0  17.0867276824
5781.0  17.0837606388
5782.0  17.0746296629
5783.0  17.0717236578
5784.0  17.0872680568
5785.0  17.0847434631
5786.0  17.0794264813
5787.0  17.0789422747
5788.0  17.0845573914
5789.0  17.0854970882
5790.0  17.0982398439
5791.0  17.0967337631
5792.0  17.0952342262
5793.0  17.0976945575
5794.0  17.0925623621
5795.0  17.0997315347
5796.0  17.0910143532
5797.0  17.1020328192
5798.0  17.1032551282
5799.0  17.095094125
5800.0  17.1026242758
5801.0  17.124472053
5802.0  17.1266820069
5803.0  17.1267905173
5804.0  17.1145427719
5805.0  17.1131050916
5806.0  17.1199658217
5807.0  17.1240589126
5808.0  17.1127311096
5809.0  17.1216286554
5810.0  17.1273780576
5811.0  17.1179615603
5812.0  17.10809583
5813.0  17.1137165926
5814.0  17.1226400384
5815.0  17.1239879704
5816.0  17.1208381648
5817.0  17.1214268065
5818.0  17.1372792172
5819.0  17.1323726089
5820.0  17.1379420902
5821.0  17.1388479954
5822.0  17.1377277821
5823.0  17.1537398602
5824.0  17.1510504242
5825.0  17.1462607978
5826.0  17.1471466563
5827.0  17.1486720287
5828.0  17.1579169175
5829.0  17.1532507961
5830.0  17.1517591987
5831.0  17.1530989316
5832.0  17.1540177613
5833.0  17.1695531294
5834.0  17.184216704
5835.0  17.1758333394
5836.0  17.1659906167
5837.0  17.169183899
5838.0  17.1632439642
5839.0  17.1636746696
5840.0  17.1636528914
5841.0  17.1532145634
5842.0  17.1613658351
5843.0  17.1657175496
5844.0  17.1664370949
5845.0  17.1560130986
5846.0  17.1546695661
5847.0  17.1540925314
5848.0  17.1418941925
5849.0  17.153593993
5850.0  17.1625959758
5851.0  17.155996765
5852.0  17.1578401526
5853.0  17.1653621533
5854.0  17.1695058902
5855.0  17.1498822121
5856.0  17.148690621
5857.0  17.1514722135
5858.0  17.1754231956
5859.0  17.1856189287
5860.0  17.1857921875
5861.0  17.1917215176
5862.0  17.1966381905
5863.0  17.1794328835
5864.0  17.1659899534
5865.0  17.1651932101
5866.0  17.1598749886
5867.0  17.1676868242
5868.0  17.1700289638
5869.0  17.1717160133
5870.0  17.175101302
5871.0  17.1612564616
5872.0  17.1680699612
5873.0  17.1589807255
5874.0  17.1552505177
5875.0  17.1552543362
5876.0  17.1521079912
5877.0  17.146619194
5878.0  17.1440391509
5879.0  17.1570986913
5880.0  17.1744569045
5881.0  17.194757774
5882.0  17.1971029194
5883.0  17.1930199784
5884.0  17.2005223923
5885.0  17.2062862008
5886.0  17.2434144036
5887.0  17.3174464772
5888.0  17.3930359236
5889.0  17.4266535839
5890.0  17.4046846338
5891.0  17.3449913862
5892.0  17.2862890773
5893.0  17.2576080347
5894.0  17.2487952041
5895.0  17.2580440046
5896.0  17.2466048285
5897.0  17.2282364457
5898.0  17.2108040066
5899.0  17.1564143393
5900.0  17.130101068
5901.0  17.1241228276
5902.0  17.1235895216
5903.0  17.1229975348
5904.0  17.1426869853
5905.0  17.13852236
5906.0  17.1303052281
5907.0  17.134910271
5908.0  17.1600274088
5909.0  17.193046796
5910.0  17.2440829956
5911.0  17.2732290703
5912.0  17.2865011008
5913.0  17.2783400121
5914.0  17.2408059947
5915.0  17.1914361269
5916.0  17.1450273571
5917.0  17.120888935
5918.0  17.1186540807
5919.0  17.1215067818
5920.0  17.1128783025
5921.0  17.117140169
5922.0  17.1133737103
5923.0  17.1123981484
5924.0  17.1222273958
5925.0  17.1393684848
5926.0  17.1587179169
5927.0  17.1808601126
5928.0  17.1916809352
5929.0  17.192312387
5930.0  17.1831685293
5931.0  17.1645942504
5932.0  17.146431562
5933.0  17.1375426319
5934.0  17.1363168049
5935.0  17.1328579847
5936.0  17.1380265559
5937.0  17.1358267359
5938.0  17.1261782249
5939.0  17.1226444868
5940.0  17.1177235121
5941.0  17.1286448236
5942.0  17.1213282408
5943.0  17.1132203439
5944.0  17.1147194224
5945.0  17.1126034354
5946.0  17.0982348913
5947.0  17.0932171229
5948.0  17.0977069061
5949.0  17.1015802863
5950.0  17.1050639313
5951.0  17.1211004699
5952.0  17.1233057208
5953.0  17.1151575098
5954.0  17.1127623763
5955.0  17.1150690709
5956.0  17.1184954629
5957.0  17.1183903226
5958.0  17.1128783081
5959.0  17.1126304023
5960.0  17.1082295969
5961.0  17.1133511694
5962.0  17.1292018995
5963.0  17.1267571338
5964.0  17.1207882822
5965.0  17.1236261928
5966.0  17.116669132
5967.0  17.1152714208
5968.0  17.1106084212
5969.0  17.1178876449
5970.0  17.123359222
5971.0  17.1206304605
5972.0  17.1294711073
5973.0  17.1211887349
5974.0  17.1164074596
5975.0  17.1026675084
5976.0  17.1035693645
5977.0  17.0980184407
5978.0  17.1048711904
5979.0  17.1065824555
5980.0  17.1090615146
5981.0  17.1095167004
5982.0  17.1111706963
5983.0  17.1084218166
5984.0  17.1121164173
5985.0  17.1267664713
5986.0  17.1282902164
5987.0  17.139740719
5988.0  17.1406150347
5989.0  17.1338093142
5990.0  17.1227433283
5991.0  17.1156528346
5992.0  17.1069496942
5993.0  17.1054892858
5994.0  17.1043113925
5995.0  17.118359278
5996.0  17.1317654367
5997.0  17.1155097735
5998.0  17.1181905758
5999.0  17.126183463
6000.0  17.1318988778
6001.0  17.1158023578
6002.0  17.1135139549
6003.0  17.1138224608
6004.0  17.1215429552
6005.0  17.1077640716
6006.0  17.1249987983
6007.0  17.1212440421
6008.0  17.099349845
6009.0  17.1021996827
6010.0  17.1143745482
6011.0  17.111055801
6012.0  17.1207315936
6013.0  17.1222426959
6014.0  17.1187032795
6015.0  17.115678975
6016.0  17.1129089675
6017.0  17.105357183
6018.0  17.1104870007
6019.0  17.1085580497
6020.0  17.1058761747
6021.0  17.1090141495
6022.0  17.1175044112
6023.0  17.1225150665
6024.0  17.1263650976
6025.0  17.1313472356
6026.0  17.1418084651
6027.0  17.1454082946
6028.0  17.1920455276
6029.0  17.3287139292
6030.0  17.4904528255
6031.0  17.6139178241
6032.0  17.6775316699
6033.0  17.6303552225
6034.0  17.4934934071
6035.0  17.3320716738
6036.0  17.2071788874
6037.0  17.1519586943
6038.0  17.1447660094
6039.0  17.1530674205
6040.0  17.197437354
6041.0  17.2589977516
6042.0  17.3115146971
6043.0  17.3234097529
6044.0  17.3103802059
6045.0  17.2797896128
6046.0  17.2287269433
6047.0  17.1670737213
6048.0  17.1384619864
6049.0  17.1415040989
6050.0  17.1589017372
6051.0  17.1755406925
6052.0  17.1942160073
6053.0  17.1822679412
6054.0  17.1699788475
6055.0  17.1600938427
6056.0  17.189735535
6057.0  17.2086400959
6058.0  17.2320749557
6059.0  17.2409790318
6060.0  17.2522272255
6061.0  17.2352251066
6062.0  17.1927045222
6063.0  17.1529675483
6064.0  17.133831954
6065.0  17.1418767079
6066.0  17.1420574479
6067.0  17.1343037319
6068.0  17.1422071387
6069.0  17.141210075
6070.0  17.1364759782
6071.0  17.1439474476
6072.0  17.1312324616
6073.0  17.143822725
6074.0  17.1467751592
6075.0  17.1457842483
6076.0  17.136987985
6077.0  17.1367400347
6078.0  17.1376664986
6079.0  17.1341020574
6080.0  17.1402936025
6081.0  17.1387727518
6082.0  17.1391975597
6083.0  17.1328532225
6084.0  17.1503446852
6085.0  17.1490242152
6086.0  17.1364741841
6087.0  17.143371763
6088.0  17.147665002
6089.0  17.1555925165
6090.0  17.1562252558
6091.0  17.1511114495
6092.0  17.1582693189
6093.0  17.1572855107
6094.0  17.1540049171
6095.0  17.1647266246
6096.0  17.1727320173
6097.0  17.1794398361
6098.0  17.1771558468
6099.0  17.1887704342
6100.0  17.1963879819
6101.0  17.1904359918
6102.0  17.1803609405
6103.0  17.1962273537
6104.0  17.2113722132
6105.0  17.2244600027
6106.0  17.2202412329
6107.0  17.2104529805
6108.0  17.2005646187
6109.0  17.1736249542
6110.0  17.1638472218
6111.0  17.1657931281
6112.0  17.1672532748
6113.0  17.1734682776
6114.0  17.1682428401
6115.0  17.1711274691
6116.0  17.1736962473
6117.0  17.1700953082
6118.0  17.1657514916
6119.0  17.1730662231
6120.0  17.1684992055
6121.0  17.1725903825
6122.0  17.1766844223
6123.0  17.1681249283
6124.0  17.1798285268
6125.0  17.1858134168
6126.0  17.1902203334
6127.0  17.187125346
6128.0  17.1956006469
6129.0  17.1901058317
6130.0  17.1856995156
6131.0  17.1835685999
6132.0  17.1820883175
6133.0  17.1715208774
6134.0  17.1658533343
6135.0  17.1784220287
6136.0  17.1712338191
6137.0  17.1635622266
6138.0  17.1600973839
6139.0  17.157327636
6140.0  17.18895492
6141.0  17.1904668991
6142.0  17.2035988136
6143.0  17.223570296
6144.0  17.2217245533
6145.0  17.2459005722
6146.0  17.2449016962
6147.0  17.2397172303
6148.0  17.2183864233
6149.0  17.2031432464
6150.0  17.2011177338
6151.0  17.201561872
6152.0  17.1952983417
6153.0  17.2086858698
6154.0  17.2155536573
6155.0  17.2163326859
6156.0  17.1883806905
6157.0  17.2005930229
6158.0  17.1965545634
6159.0  17.1957174111
6160.0  17.1834897483
6161.0  17.1746391246
6162.0  17.1772206202
6163.0  17.1797607683
6164.0  17.1885708861
6165.0  17.1930396544
6166.0  17.1849743387
6167.0  17.1986236573
6168.0  17.2275606243
6169.0  17.2374922978
6170.0  17.2473634173
6171.0  17.2713539706
6172.0  17.280543871
6173.0  17.2906065603
6174.0  17.2718631914
6175.0  17.24233977
6176.0  17.2436654913
6177.0  17.2249655748
6178.0  17.2187447046
6179.0  17.2106721015
6180.0  17.2066979474
6181.0  17.204396918
6182.0  17.212678341
6183.0  17.2100093157
6184.0  17.2151515976
6185.0  17.2077136109
6186.0  17.1966301452
6187.0  17.2101177847
6188.0  17.2022091564
6189.0  17.2038815232
6190.0  17.2005034236
6191.0  17.206026988
6192.0  17.206434628
6193.0  17.2082078479
6194.0  17.219531022
6195.0  17.218171738
6196.0  17.2116166135
6197.0  17.2058018716
6198.0  17.2100219239
6199.0  17.2074186048
6200.0  17.2063524114
6201.0  17.2193466447
6202.0  17.2159545034
6203.0  17.2270385328
6204.0  17.2168834701
6205.0  17.221043337
6206.0  17.22263251
6207.0  17.2118301941
6208.0  17.2203603511
6209.0  17.2289466506
6210.0  17.2566371846
6211.0  17.2694109583
6212.0  17.2702057358
6213.0  17.280724947
6214.0  17.2722358039
6215.0  17.2680709612
6216.0  17.2510499307
6217.0  17.2469362584
6218.0  17.2315409989
6219.0  17.2114697158
6220.0  17.2079242609
6221.0  17.2155100387
6222.0  17.2149781573
6223.0  17.2025664066
6224.0  17.214590673
6225.0  17.2162623935
6226.0  17.2048422597
6227.0  17.2097510027
6228.0  17.1873414725
6229.0  17.2087211165
6230.0  17.1940172982
6231.0  17.2027924492
6232.0  17.2185497397
6233.0  17.2149938753
6234.0  17.2136652219
6235.0  17.2201590933
6236.0  17.2125708196
6237.0  17.2052505397
6238.0  17.2072354072
6239.0  17.2032132389
6240.0  17.2112271463
6241.0  17.2139954495
6242.0  17.2105023762
6243.0  17.218592896
6244.0  17.2042579816
6245.0  17.1955739586
6246.0  17.2000040325
6247.0  17.2036169386
6248.0  17.2042891299
6249.0  17.2114412378
6250.0  17.2203887496
6251.0  17.2117893112
6252.0  17.2047344866
6253.0  17.1898633272
6254.0  17.1985265902
6255.0  17.2034603446
6256.0  17.2022811197
6257.0  17.2059285808
6258.0  17.2025915186
6259.0  17.1994987378
6260.0  17.2110516275
6261.0  17.2092475701
6262.0  17.2137540453
6263.0  17.1989125341
6264.0  17.1985560763
6265.0  17.2020997274
6266.0  17.2043098355
6267.0  17.2058920932
6268.0  17.1869814014
6269.0  17.1972820821
6270.0  17.1961186262
6271.0  17.198307174
6272.0  17.1903464945
6273.0  17.192454685
6274.0  17.1845990835
6275.0  17.1662831799
6276.0  17.148586533
6277.0  17.1317880503
6278.0  17.1132551747
6279.0  17.1108452456
6280.0  17.1198626665
6281.0  17.1361377922
6282.0  17.1476365275
6283.0  17.1613102079
6284.0  17.1835095506
6285.0  17.1837866915
6286.0  17.1929623476
6287.0  17.2030725239
6288.0  17.1916557075
6289.0  17.1811465579
6290.0  17.1723052406
6291.0  17.1780259504
6292.0  17.184598987
6293.0  17.1932170329
6294.0  17.2035973163
6295.0  17.2120031968
6296.0  17.2365933579
6297.0  17.2791218104
6298.0  17.3327287933
6299.0  17.3543700033
6300.0  17.3481616369
6301.0  17.3293825253
6302.0  17.3108548201
6303.0  17.2792112874
6304.0  17.2523365131
6305.0  17.2502468822
6306.0  17.2813908788
6307.0  17.2969734144
6308.0  17.2852422625
6309.0  17.276067469
6310.0  17.2611542868
6311.0  17.2379142355
6312.0  17.2165425675
6313.0  17.2084457828
6314.0  17.1990306648
6315.0  17.2007932003
6316.0  17.206847022
6317.0  17.1984445233
6318.0  17.1918687221
6319.0  17.1977682076
6320.0  17.2075565437
6321.0  17.2065311134
6322.0  17.2125980181
6323.0  17.2094562661
6324.0  17.2156950422
6325.0  17.2188499374
6326.0  17.2279981274
6327.0  17.2305784496
6328.0  17.2322740985
6329.0  17.2381844586
6330.0  17.2333415571
6331.0  17.2328511997
6332.0  17.2371113047
6333.0  17.2416208965
6334.0  17.236968906
6335.0  17.2311558988
6336.0  17.233143992
6337.0  17.2382265417
6338.0  17.2378655
6339.0  17.2413206881
6340.0  17.2403416146
6341.0  17.2358846095
6342.0  17.2454513106
6343.0  17.2440781006
6344.0  17.2444569221
6345.0  17.2517775432
6346.0  17.25073077
6347.0  17.2625822556
6348.0  17.2525269585
6349.0  17.2588867396
6350.0  17.2697847481
6351.0  17.2812112725
6352.0  17.2732684909
6353.0  17.26282055
6354.0  17.2596827559
6355.0  17.2807222269
6356.0  17.27113327
6357.0  17.2694903868
6358.0  17.2628439249
6359.0  17.2615324797
6360.0  17.2733383688
6361.0  17.2937628515
6362.0  17.3129572734
6363.0  17.337939974
6364.0  17.3506844112
6365.0  17.3387221066
6366.0  17.3299976967
6367.0  17.3300164222
6368.0  17.3274196492
6369.0  17.3274994208
6370.0  17.3071053199
6371.0  17.3065504521
6372.0  17.3123083133
6373.0  17.3041258427
6374.0  17.2931403203
6375.0  17.2968548277
6376.0  17.3072557857
6377.0  17.3205971662
6378.0  17.3135306415
6379.0  17.3136235999
6380.0  17.3048613412
6381.0  17.3160460788
6382.0  17.350331368
6383.0  17.4063163348
6384.0  17.4379784785
6385.0  17.4267157705
6386.0  17.4016171803
6387.0  17.3667734628
6388.0  17.3472932763
6389.0  17.3287144244
6390.0  17.3218616088
6391.0  17.3123276366
6392.0  17.3138652084
6393.0  17.3186023455
6394.0  17.3088740121
6395.0  17.3110958907
6396.0  17.3107591356
6397.0  17.315685822
6398.0  17.3264832416
6399.0  17.3127223199
6400.0  17.3089852406
6401.0  17.3145292316
6402.0  17.3227208066
6403.0  17.3365899126
6404.0  17.3381868488
6405.0  17.3319190209
6406.0  17.325456186
6407.0  17.3195378799
6408.0  17.3227287633
6409.0  17.3434559419
6410.0  17.3399986724
6411.0  17.3405487126
6412.0  17.38927963
6413.0  17.5078816232
6414.0  17.6575619394
6415.0  17.7954948526
6416.0  17.8429958462
6417.0  17.8190112519
6418.0  17.7069236972
6419.0  17.5617519254
6420.0  17.4405348171
6421.0  17.3788176717
6422.0  17.3685190045
6423.0  17.3626283142
6424.0  17.3652704226
6425.0  17.3763177654
6426.0  17.3789856641
6427.0  17.3634249274
6428.0  17.351245593
6429.0  17.3583981948
6430.0  17.3573678853
6431.0  17.3561984397
6432.0  17.3489992529
6433.0  17.3570447705
6434.0  17.3445705604
6435.0  17.3372671872
6436.0  17.348926675
6437.0  17.3605104047
6438.0  17.3635931283
6439.0  17.3568038931
6440.0  17.3507864279
6441.0  17.3529529268
6442.0  17.3586465169
6443.0  17.3728137358
6444.0  17.3686964597
6445.0  17.3720392107
6446.0  17.3699885766
6447.0  17.3630690517
6448.0  17.3690764363
6449.0  17.3656052414
6450.0  17.3642100417
6451.0  17.3671602528
6452.0  17.366756872
6453.0  17.3646320917
6454.0  17.3604948456
6455.0  17.3504266568
6456.0  17.3500106513
6457.0  17.3538368491
6458.0  17.3489000198
6459.0  17.338552201
6460.0  17.3428469614
6461.0  17.3429586347
6462.0  17.3521990687
6463.0  17.3349917213
6464.0  17.3433375426
6465.0  17.3526545923
6466.0  17.3579695208
6467.0  17.3575757625
6468.0  17.3595869337
6469.0  17.3583867888
6470.0  17.3337943272
6471.0  17.3294711863
6472.0  17.3445889645
6473.0  17.324777667
6474.0  17.3043590332
6475.0  17.3009014559
6476.0  17.3142149717
6477.0  17.3275225077
6478.0  17.3174937932
6479.0  17.3354177483
6480.0  17.33084025
6481.0  17.3284961023
6482.0  17.3179345355
6483.0  17.3195692646
6484.0  17.3228408664
6485.0  17.3303281283
6486.0  17.3436867191
6487.0  17.3444346633
6488.0  17.3421481832
6489.0  17.3444547054
6490.0  17.339527869
6491.0  17.3447195359
6492.0  17.3335898869
6493.0  17.2964266508
6494.0  17.3151637417
6495.0  17.3254784009
6496.0  17.332635975
6497.0  17.334396439
6498.0  17.3439559348
6499.0  17.3626125133
6500.0  17.370114757
6501.0  17.3685453988
6502.0  17.3742725359
6503.0  17.3767419131
6504.0  17.3942970042
6505.0  17.3905967447
6506.0  17.3838239774
6507.0  17.3931146806
6508.0  17.3972970086
6509.0  17.3923422981
6510.0  17.3775459542
6511.0  17.3753971486
6512.0  17.3559986653
6513.0  17.3437115979
6514.0  17.3426290266
6515.0  17.3305039405
6516.0  17.3117911015
6517.0  17.3068869561
6518.0  17.328302912
6519.0  17.3360494447
6520.0  17.353642048
6521.0  17.3636822554
6522.0  17.3626075085
6523.0  17.3870497246
6524.0  17.384991408
6525.0  17.3822489036
6526.0  17.3890559703
6527.0  17.4008356666
6528.0  17.3958127696
6529.0  17.3962707154
6530.0  17.3853208191
6531.0  17.3816366978
6532.0  17.3838418537
6533.0  17.3845650641
6534.0  17.4028382037
6535.0  17.4027822499
6536.0  17.4085935599
6537.0  17.4396188602
6538.0  17.4269941233
6539.0  17.4176453064
6540.0  17.4246279342
6541.0  17.4055837059
6542.0  17.4007688399
6543.0  17.380713645
6544.0  17.380646867
6545.0  17.3582983447
6546.0  17.3708933667
6547.0  17.3644586826
6548.0  17.3611923328
6549.0  17.3650190443
6550.0  17.3634072101
6551.0  17.3669923312
6552.0  17.36969893
6553.0  17.3614733742
6554.0  17.3504623989
6555.0  17.3560421988
6556.0  17.3466392703
6557.0  17.338849565
6558.0  17.3209303051
6559.0  17.3150758745
6560.0  17.2955074487
6561.0  17.272804632
6562.0  17.2520989031
6563.0  17.2567938967
6564.0  17.2628705254
6565.0  17.2962436078
6566.0  17.3283388016
6567.0  17.3511027156
6568.0  17.3493690488
6569.0  17.3585406736
6570.0  17.3426097956
6571.0  17.353181323
6572.0  17.3501266871
6573.0  17.3477164662
6574.0  17.3633947128
6575.0  17.3740105115
6576.0  17.3896212662
6577.0  17.3967557041
6578.0  17.4096496717
6579.0  17.4000394031
6580.0  17.3956174847
6581.0  17.4016593708
6582.0  17.3810069036
6583.0  17.3954684328
6584.0  17.4089596178
6585.0  17.406234795
6586.0  17.4048986861
6587.0  17.3860001012
6588.0  17.4013991104
6589.0  17.3989915327
6590.0  17.4071216684
6591.0  17.3974562031
6592.0  17.4015290798
6593.0  17.407084941
6594.0  17.4024094911
6595.0  17.4099216287
6596.0  17.4190098448
6597.0  17.4138079411
6598.0  17.410348315
6599.0  17.4107559718
6600.0  17.4395437957
6601.0  17.4463148022
6602.0  17.4591277835
6603.0  17.4836969636
6604.0  17.4970773081
6605.0  17.501294763
6606.0  17.4941453203
6607.0  17.4684473644
6608.0  17.4337024321
6609.0  17.4212629565
6610.0  17.4306408122
6611.0  17.4182232969
6612.0  17.4171850933
6613.0  17.4217646001
6614.0  17.4114003801
6615.0  17.4060117277
6616.0  17.4096138896
6617.0  17.4155936074
6618.0  17.4333842907
6619.0  17.4231905539
6620.0  17.424668369
6621.0  17.4354525889
6622.0  17.4161849591
6623.0  17.4174474425
6624.0  17.4151254304
6625.0  17.4220751997
6626.0  17.4223394503
6627.0  17.428660328
6628.0  17.4172744142
6629.0  17.4272957444
6630.0  17.4041127507
6631.0  17.4156943421
6632.0  17.4272723045
6633.0  17.4131503492
6634.0  17.4173293521
6635.0  17.4167232268
6636.0  17.4228970448
6637.0  17.4180575841
6638.0  17.4237177125
6639.0  17.4434189565
6640.0  17.4210944495
6641.0  17.4215956253
6642.0  17.4277842111
6643.0  17.4401139573
6644.0  17.4224648956
6645.0  17.4240038022
6646.0  17.4319369615
6647.0  17.4342961137
6648.0  17.4538340712
6649.0  17.447419388
6650.0  17.4422972522
6651.0  17.4505416228
6652.0  17.4449801844
6653.0  17.4521963741
6654.0  17.4505051108
6655.0  17.4511490989
6656.0  17.4574550767
6657.0  17.4526674913
6658.0  17.4505028626
6659.0  17.4679802375
6660.0  17.478239762
6661.0  17.4825784525
6662.0  17.5001960495
6663.0  17.4927879715
6664.0  17.4868947875
6665.0  17.46727242
6666.0  17.4631234647
6667.0  17.4536893792
6668.0  17.4505359925
6669.0  17.4559116266
6670.0  17.4607650461
6671.0  17.4544769332
6672.0  17.4604778358
6673.0  17.5140903847
6674.0  17.6336701532
6675.0  17.7923894713
6676.0  17.9215119478
6677.0  17.9676784635
6678.0  17.9339983055
6679.0  17.8290925848
6680.0  17.6916912778
6681.0  17.5509130729
6682.0  17.4880955918
6683.0  17.458903394
6684.0  17.4439603759
6685.0  17.4622578392
6686.0  17.4626067528
6687.0  17.4505628236
6688.0  17.4495425379
6689.0  17.4385485924
6690.0  17.4522318313
6691.0  17.456207722
6692.0  17.4436065179
6693.0  17.4589815419
6694.0  17.4576198098
6695.0  17.4363459855
6696.0  17.455758223
6697.0  17.4511039703
6698.0  17.4600901399
6699.0  17.4633411876
6700.0  17.4608137
6701.0  17.4764774204
6702.0  17.4631068922
6703.0  17.4455805913
6704.0  17.4437225087
6705.0  17.4221796301
6706.0  17.4363626066
6707.0  17.448922543
6708.0  17.4386519085
6709.0  17.4518585725
6710.0  17.4514478237
6711.0  17.4371933469
6712.0  17.4271736044
6713.0  17.4464809795
6714.0  17.4496768377
6715.0  17.4416619471
6716.0  17.4307470737
6717.0  17.4250692389
6718.0  17.440215039
6719.0  17.4479599923
6720.0  17.4476393589
6721.0  17.4486662755
6722.0  17.4364255969
6723.0  17.4267532071
6724.0  17.4415166616
6725.0  17.4515910694
6726.0  17.4411470813
6727.0  17.4519717276
6728.0  17.4371821811
6729.0  17.4415991408
6730.0  17.4533851517
6731.0  17.4360152042
6732.0  17.4412999975
6733.0  17.4489417055
6734.0  17.4628132684
6735.0  17.4312350904
6736.0  17.4359800962
6737.0  17.4359656956
6738.0  17.4201288409
6739.0  17.4492071256
6740.0  17.4526254578
6741.0  17.4482577283
6742.0  17.431979106
6743.0  17.4329180237
6744.0  17.4223242883
6745.0  17.4287895149
6746.0  17.4380840658
6747.0  17.4590417908
6748.0  17.4964015786
6749.0  17.6304488509
6750.0  17.8507296525
6751.0  18.122841706
6752.0  18.3212459278
6753.0  18.3429394333
6754.0  18.227107692
6755.0  18.018036656
6756.0  17.7541344278
6757.0  17.5652628572
6758.0  17.481020162
6759.0  17.4571678459
6760.0  17.4401798965
6761.0  17.4499223353
6762.0  17.4378986883
6763.0  17.4449749977
6764.0  17.4769562252
6765.0  17.4716958259
6766.0  17.4695884705
6767.0  17.4853133777
6768.0  17.4542398643
6769.0  17.4499840909
6770.0  17.4398602202
6771.0  17.4370842432
6772.0  17.4250800306
6773.0  17.4256164386
6774.0  17.444672414
6775.0  17.4363908171
6776.0  17.4287919227
6777.0  17.4379861792
6778.0  17.4534728837
6779.0  17.4361696136
6780.0  17.4270280385
6781.0  17.4304001204
6782.0  17.4420092449
6783.0  17.4311315971
6784.0  17.4151808098
6785.0  17.4255910786
6786.0  17.4213985148
6787.0  17.4340675498
6788.0  17.4364399385
6789.0  17.438867973
6790.0  17.4238592597
6791.0  17.4081290224
6792.0  17.4183277432
6793.0  17.4409099315
6794.0  17.4137022158
6795.0  17.4036614641
6796.0  17.4145823621
6797.0  17.4145316578
6798.0  17.4243262083
6799.0  17.4200658818
6800.0  17.4181868256
6801.0  17.4159086963
6802.0  17.4076500434
6803.0  17.4205755336
6804.0  17.4115793663
6805.0  17.4132698832
6806.0  17.415865694
6807.0  17.4193122184
6808.0  17.4260426287
6809.0  17.419451514
6810.0  17.4106088752
6811.0  17.4129922342
6812.0  17.408340843
6813.0  17.4093638156
6814.0  17.4083472839
6815.0  17.3987453383
6816.0  17.4137811051
6817.0  17.4190452878
6818.0  17.4195766919
6819.0  17.4195
