4555.0  25.3912727698
4556.0  25.3756779483
4557.0  25.3616960872
4558.0  25.3703724074
4559.0  25.3618797641
4560.0  25.3609850639
4561.0  25.358651792
4562.0  25.3634529274
4563.0  25.3699338202
4564.0  25.3710061321
4565.0  25.3625693123
4566.0  25.3559795535
4567.0  25.367488379
4568.0  25.3759006102
4569.0  25.3634814311
4570.0  25.3664700281
4571.0  25.3696328923
4572.0  25.3594952056
4573.0  25.3585855958
4574.0  25.3628698509
4575.0  25.3631261119
4576.0  25.3530385646
4577.0  25.3513716895
4578.0  25.3605742401
4579.0  25.358928856
4580.0  25.3659172583
4581.0  25.366728464
4582.0  25.3575117314
4583.0  25.370328003
4584.0  25.3673929157
4585.0  25.3685056742
4586.0  25.3757933673
4587.0  25.358083879
4588.0  25.3623811687
4589.0  25.3685340587
4590.0  25.3618254406
4591.0  25.3498883312
4592.0  25.3565840074
4593.0  25.3471464879
4594.0  25.3623814217
4595.0  25.3581945666
4596.0  25.3500047137
4597.0  25.352068217
4598.0  25.3613741664
4599.0  25.3581148127
4600.0  25.3516100459
4601.0  25.3535483058
4602.0  25.3586512352
4603.0  25.3529289212
4604.0  25.3506726319
4605.0  25.3621292696
4606.0  25.363482152
4607.0  25.357272511
4608.0  25.3614403791
4609.0  25.3621910077
4610.0  25.3521352103
4611.0  25.3671982823
4612.0  25.3676164979
4613.0  25.3646117371
4614.0  25.3521505237
4615.0  25.3479552759
4616.0  25.3487836062
4617.0  25.3524818943
4618.0  25.3542903767
4619.0  25.3559345446
4620.0  25.3567098873
4621.0  25.3601128216
4622.0  25.3584239184
4623.0  25.3534092088
4624.0  25.3524867167
4625.0  25.3580103298
4626.0  25.3513634273
4627.0  25.346466526
4628.0  25.3509216836
4629.0  25.3596877513
4630.0  25.3577648304
4631.0  25.3565872565
4632.0  25.3600995384
4633.0  25.3566951142
4634.0  25.3455521051
4635.0  25.3577358532
4636.0  25.3591827551
4637.0  25.3602091907
4638.0  25.3528914912
4639.0  25.3487154584
4640.0  25.3588767051
4641.0  25.3648928673
4642.0  25.3492537561
4643.0  25.358454793
4644.0  25.3581197234
4645.0  25.3606531457
4646.0  25.3624779401
4647.0  25.3529105032
4648.0  25.3519134436
4649.0  25.3542359261
4650.0  25.3534906713
4651.0  25.3626584751
4652.0  25.359905624
4653.0  25.3640136983
4654.0  25.3440861617
4655.0  25.352294448
4656.0  25.3643474805
4657.0  25.3580716368
4658.0  25.3468855054
4659.0  25.3600660783
4660.0  25.36938037
4661.0  25.3569656822
4662.0  25.3563066777
4663.0  25.3618714685
4664.0  25.3515953543
4665.0  25.3534461098
4666.0  25.3499812443
4667.0  25.3583600779
4668.0  25.3626734559
4669.0  25.353155675
4670.0  25.3576107442
4671.0  25.3550181551
4672.0  25.3627109266
4673.0  25.3681187164
4674.0  25.3548865688
4675.0  25.369092519
4676.0  25.3590515404
4677.0  25.3486780252
4678.0  25.3576575458
4679.0  25.3587395337
4680.0  25.3547491986
4681.0  25.3497631774
4682.0  25.349214405
4683.0  25.3467835896
4684.0  25.3518097001
4685.0  25.3545413954
4686.0  25.3553830846
4687.0  25.3553936897
4688.0  25.3459404124
4689.0  25.3404983801
4690.0  25.3445094205
4691.0  25.3564925978
4692.0  25.3511085121
4693.0  25.3538646151
4694.0  25.3634753295
4695.0  25.3744235551
4696.0  25.3580244935
4697.0  25.349006497
4698.0  25.3488407872
4699.0  25.3449288227
4700.0  25.3487358762
4701.0  25.3465049461
4702.0  25.3472671798
4703.0  25.3678169263
4704.0  25.3518331444
4705.0  25.3461023986
4706.0  25.3538040383
4707.0  25.3627201301
4708.0  25.3564940412
4709.0  25.3409520019
4710.0  25.3349954693
4711.0  25.3431880316
4712.0  25.353574746
4713.0  25.3500665895
4714.0  25.348925296
4715.0  25.3473463312
4716.0  25.3617596056
4717.0  25.3452963984
4718.0  25.3485869953
4719.0  25.3617309347
4720.0  25.3440680296
4721.0  25.3435227718
4722.0  25.3562450308
4723.0  25.35766225
4724.0  25.3570709823
4725.0  25.3471106014
4726.0  25.3381744182
4727.0  25.3457801481
4728.0  25.3405518206
4729.0  25.345367032
4730.0  25.3489610086
4731.0  25.3523311309
4732.0  25.3451745073
4733.0  25.3480249969
4734.0  25.3587327179
4735.0  25.3647273851
4736.0  25.361753253
4737.0  25.3516021529
4738.0  25.3450354617
4739.0  25.345658377
4740.0  25.3448591989
4741.0  25.3455378977
4742.0  25.3469086264
4743.0  25.3487767039
4744.0  25.3486531199
4745.0  25.3396461086
4746.0  25.3525454813
4747.0  25.3536225214
4748.0  25.3447715673
4749.0  25.3437061073
4750.0  25.3406056957
4751.0  25.3492983998
4752.0  25.3545002942
4753.0  25.3472481597
4754.0  25.3425671543
4755.0  25.34207202
4756.0  25.3355715305
4757.0  25.3517440326
4758.0  25.3512080478
4759.0  25.3466278347
4760.0  25.347792926
4761.0  25.3497884266
4762.0  25.3229937706
4763.0  25.3383323118
4764.0  25.3465806855
4765.0  25.3365466189
4766.0  25.3456581239
4767.0  25.3396535155
4768.0  25.3377274412
4769.0  25.3329341409
4770.0  25.3450231184
4771.0  25.3500927867
4772.0  25.3501010792
4773.0  25.3542168372
4774.0  25.3376699051
4775.0  25.3354776046
4776.0  25.3409496551
4777.0  25.3355102028
4778.0  25.3394967896
4779.0  25.3392198401
4780.0  25.3357563219
4781.0  25.3411429634
4782.0  25.3427526732
4783.0  25.3419442083
4784.0  25.3391334722
4785.0  25.3360562473
4786.0  25.3431009202
4787.0  25.3368820751
4788.0  25.3305855433
4789.0  25.3408703782
4790.0  25.3387796147
4791.0  25.3483837874
4792.0  25.3549557311
4793.0  25.3392940156
4794.0  25.3368649682
4795.0  25.3391459148
4796.0  25.3353838235
4797.0  25.3410593587
4798.0  25.3484728925
4799.0  25.3462636384
4800.0  25.3410256603
4801.0  25.3446089365
4802.0  25.3368215262
4803.0  25.3337994714
4804.0  25.3266668169
4805.0  25.3336064364
4806.0  25.338812111
4807.0  25.3349993375
4808.0  25.3301342591
4809.0  25.3355154065
4810.0  25.3326425943
4811.0  25.336342168
4812.0  25.3410369151
4813.0  25.3403976312
4814.0  25.3333878809
4815.0  25.3375699788
4816.0  25.3253901319
4817.0  25.3399160841
4818.0  25.3453758752
4819.0  25.3301259813
4820.0  25.3429468844
4821.0  25.3324874831
4822.0  25.3325461862
4823.0  25.3426446235
4824.0  25.3348173033
4825.0  25.3405574366
4826.0  25.3457300266
4827.0  25.3553320942
4828.0  25.3393331975
4829.0  25.3450434114
4830.0  25.3411068244
4831.0  25.3342445217
4832.0  25.3329707598
4833.0  25.3393117091
4834.0  25.3355586835
4835.0  25.3273231505
4836.0  25.3261130785
4837.0  25.3304027943
4838.0  25.3395237491
4839.0  25.3301500201
4840.0  25.33195697
4841.0  25.323882733
4842.0  25.3303582369
4843.0  25.3328526844
4844.0  25.3334931863
4845.0  25.3214147059
4846.0  25.3375122668
4847.0  25.3357398738
4848.0  25.3354210755
4849.0  25.3313648436
4850.0  25.3284874647
4851.0  25.3309265237
4852.0  25.3305679458
4853.0  25.341076502
4854.0  25.3363340032
4855.0  25.3380183852
4856.0  25.3321361941
4857.0  25.3390149375
4858.0  25.3457450491
4859.0  25.3408069671
4860.0  25.3335237324
4861.0  25.325750574
4862.0  25.3388421836
4863.0  25.334870165
4864.0  25.3260470113
4865.0  25.3277215965
4866.0  25.3307974643
4867.0  25.3338517027
4868.0  25.3420197846
4869.0  25.3411886594
4870.0  25.3351564656
4871.0  25.3318660104
4872.0  25.3286078564
4873.0  25.3403834393
4874.0  25.3335284934
4875.0  25.3294729577
4876.0  25.3370377154
4877.0  25.3406368983
4878.0  25.3380629534
4879.0  25.3287379401
4880.0  25.346385139
4881.0  25.3556229194
4882.0  25.3465780807
4883.0  25.3307642176
4884.0  25.3253799703
4885.0  25.3429381866
4886.0  25.3477757646
4887.0  25.3495036463
4888.0  25.3649790049
4889.0  25.3518149668
4890.0  25.3588747922
4891.0  25.3630276034
4892.0  25.3546862645
4893.0  25.3508734992
4894.0  25.3337077691
4895.0  25.3297500923
4896.0  25.3312744038
4897.0  25.3314506514
4898.0  25.3417060484
4899.0  25.3443787058
4900.0  25.3329762102
4901.0  25.3343050669
4902.0  25.3364132469
4903.0  25.3347337765
4904.0  25.3364696227
4905.0  25.3433397383
4906.0  25.3297707997
4907.0  25.3259561042
4908.0  25.3260420049
4909.0  25.3415240661
4910.0  25.3663506972
4911.0  25.5130556419
4912.0  26.1555723915
4913.0  27.4846827047
4914.0  28.9356205984
4915.0  29.8301731156
4916.0  30.0446229671
4917.0  29.559887447
4918.0  28.2935247658
4919.0  26.7790369932
4920.0  25.8572624934
4921.0  25.485829659
4922.0  25.3895806677
4923.0  25.3600659697
4924.0  25.3520931839
4925.0  25.3405280857
4926.0  25.3386700141
4927.0  25.3349447518
4928.0  25.3337747707
4929.0  25.3316339646
4930.0  25.3333042571
4931.0  25.3496465379
4932.0  25.3457714251
4933.0  25.3481581452
4934.0  25.3339502624
4935.0  25.3311765016
4936.0  25.3482345437
4937.0  25.3296838237
4938.0  25.3257511119
4939.0  25.329658376
4940.0  25.3308571998
4941.0  25.3414777769
4942.0  25.3376225415
4943.0  25.3394448299
4944.0  25.3336036347
4945.0  25.3396485524
4946.0  25.3333298942
4947.0  25.3314955979
4948.0  25.3390461559
4949.0  25.3385420099
4950.0  25.3496258595
4951.0  25.3560466409
4952.0  25.3533280827
4953.0  25.3413997207
4954.0  25.367399626
4955.0  25.3952242458
4956.0  25.4214688303
4957.0  25.4493835467
4958.0  25.5048299885
4959.0  25.5435399139
4960.0  25.5573645437
4961.0  25.5530630656
4962.0  25.5266896753
4963.0  25.4658131988
4964.0  25.4114831808
4965.0  25.3888566947
4966.0  25.3637540144
4967.0  25.36332098
4968.0  25.3477998953
4969.0  25.3469050652
4970.0  25.3551594938
4971.0  25.3480486575
4972.0  25.3457019143
4973.0  25.3384032937
4974.0  25.3454734923
4975.0  25.3458841491
4976.0  25.3407106081
4977.0  25.3504572841
4978.0  25.3535920806
4979.0  25.3659131827
4980.0  25.3691961845
4981.0  25.3718538496
4982.0  25.366431033
4983.0  25.3573578433
4984.0  25.3564462203
4985.0  25.3353200655
4986.0  25.3307768859
4987.0  25.3354079873
4988.0  25.3265866691
4989.0  25.3330443376
4990.0  25.3434187851
4991.0  25.3404331953
4992.0  25.3450923485
4993.0  25.3281035671
4994.0  25.3295134726
4995.0  25.3308219743
4996.0  25.3347377293
4997.0  25.3251626116
4998.0  25.3295255691
4999.0  25.3339073347
5000.0  25.3338218612
5001.0  25.3261209855
5002.0  25.3363051523
5003.0  25.3335996469
5004.0  25.3308318589
5005.0  25.3301358698
5006.0  25.3321107811
5007.0  25.3316359726
5008.0  25.3330472876
5009.0  25.3379238973
5010.0  25.3239895471
5011.0  25.3273034251
5012.0  25.3271315087
5013.0  25.3386318639
5014.0  25.336787538
5015.0  25.3374622192
5016.0  25.3395502752
5017.0  25.3321674689
5018.0  25.3386489351
5019.0  25.3358362672
5020.0  25.333263696
5021.0  25.3435376787
5022.0  25.365584984
5023.0  25.3865695385
5024.0  25.4267389253
5025.0  25.4379758431
5026.0  25.42765914
5027.0  25.410631623
5028.0  25.3873860504
5029.0  25.3635264141
5030.0  25.3413129346
5031.0  25.3425473789
5032.0  25.3488268858
5033.0  25.3416505015
5034.0  25.330296199
5035.0  25.3389111976
5036.0  25.3306692312
5037.0  25.3300701375
5038.0  25.3329312485
5039.0  25.3364851363
5040.0  25.3431382586
5041.0  25.3413955598
5042.0  25.3509133929
5043.0  25.3558244259
5044.0  25.3682664538
5045.0  25.3677674488
5046.0  25.3788032551
5047.0  25.3708049511
5048.0  25.3580574568
5049.0  25.3471426759
5050.0  25.3375574139
5051.0  25.3422418239
5052.0  25.3299952919
5053.0  25.3268223462
5054.0  25.3455919056
5055.0  25.347290146
5056.0  25.3323043061
5057.0  25.3416379439
5058.0  25.3333834059
5059.0  25.3354149104
5060.0  25.3287728864
5061.0  25.3366253293
5062.0  25.3398981182
5063.0  25.3421256051
5064.0  25.3320106928
5065.0  25.3311619246
5066.0  25.325922648
5067.0  25.3313289304
5068.0  25.3303891477
5069.0  25.3205006585
5070.0  25.3350071818
5071.0  25.337759014
5072.0  25.3241483886
5073.0  25.3228959786
5074.0  25.3239048502
5075.0  25.3285386906
5076.0  25.3238452687
5077.0  25.325926255
5078.0  25.326425132
5079.0  25.3329065507
5080.0  25.3334706148
5081.0  25.3324542381
5082.0  25.3280824885
5083.0  25.3298006643
5084.0  25.3278605574
5085.0  25.3244270054
5086.0  25.3345211455
5087.0  25.3291993582
5088.0  25.325684947
5089.0  25.3243194728
5090.0  25.3242731202
5091.0  25.328859715
5092.0  25.3322646159
5093.0  25.3371791753
5094.0  25.3436786734
5095.0  25.3427018777
5096.0  25.3249237636
5097.0  25.3399050632
5098.0  25.3430773809
5099.0  25.352686937
5100.0  25.3517876362
5101.0  25.3580260033
5102.0  25.3660907556
5103.0  25.3598947711
5104.0  25.3434459489
5105.0  25.3477664106
5106.0  25.3361376004
5107.0  25.3325874813
5108.0  25.3393985497
5109.0  25.3375085227
5110.0  25.3328880435
5111.0  25.3318833277
5112.0  25.3361777199
5113.0  25.3232094943
5114.0  25.3313258992
5115.0  25.339708668
5116.0  25.3443215801
5117.0  25.3523743083
5118.0  25.3766845703
5119.0  25.4081942002
5120.0  25.4054794051
5121.0  25.4133754409
5122.0  25.398821209
5123.0  25.3887846168
5124.0  25.370454489
5125.0  25.3505999817
5126.0  25.3451285813
5127.0  25.3451250598
5128.0  25.3338716809
5129.0  25.3399370219
5130.0  25.3355019358
5131.0  25.3293876132
5132.0  25.3372111056
5133.0  25.338930836
5134.0  25.3335281169
5135.0  25.3327436324
5136.0  25.3393341772
5137.0  25.3587978039
5138.0  25.3546371835
5139.0  25.3468900899
5140.0  25.3460386749
5141.0  25.3337911687
5142.0  25.339802307
5143.0  25.3364432794
5144.0  25.3277855203
5145.0  25.3281371881
5146.0  25.3311749405
5147.0  25.3381030854
5148.0  25.3416111856
5149.0  25.3326541597
5150.0  25.3380586149
5151.0  25.3406507086
5152.0  25.3409564099
5153.0  25.3291067609
5154.0  25.3360414459
5155.0  25.339959408
5156.0  25.3438535679
5157.0  25.3300162118
5158.0  25.331048561
5159.0  25.3358954328
5160.0  25.3475379479
5161.0  25.3489719073
5162.0  25.3496811243
5163.0  25.3400319203
5164.0  25.3374417464
5165.0  25.338444634
5166.0  25.3362917157
5167.0  25.3429375935
5168.0  25.3465509355
5169.0  25.3432322446
5170.0  25.3419962976
5171.0  25.332619564
5172.0  25.334643688
5173.0  25.3370585414
5174.0  25.3353084252
5175.0  25.3358334163
5176.0  25.3386918961
5177.0  25.3499582414
5178.0  25.3436921594
5179.0  25.3328040824
5180.0  25.331107952
5181.0  25.3387848633
5182.0  25.3366550218
5183.0  25.3478485273
5184.0  25.3374499458
5185.0  25.3426296095
5186.0  25.3334715239
5187.0  25.3279694987
5188.0  25.3358196059
5189.0  25.3379197172
5190.0  25.3446899307
5191.0  25.3552834142
5192.0  25.3513731561
5193.0  25.3395448946
5194.0  25.333029101
5195.0  25.3398872553
5196.0  25.3407068612
5197.0  25.3361391857
5198.0  25.3420460006
5199.0  25.3426192229
5200.0  25.3471509258
5201.0  25.3268396463
5202.0  25.3339704639
5203.0  25.3387590337
5204.0  25.3360403986
5205.0  25.3398107075
5206.0  25.3482018673
5207.0  25.3405207036
5208.0  25.3425618705
5209.0  25.3345954236
5210.0  25.3315162745
5211.0  25.345906243
5212.0  25.3549930561
5213.0  25.3382954809
5214.0  25.3345598052
5215.0  25.3484610484
5216.0  25.3534096267
5217.0  25.3517850281
5218.0  25.3648437416
5219.0  25.3511159249
5220.0  25.3489338432
5221.0  25.3462158204
5222.0  25.3540470961
5223.0  25.3520595439
5224.0  25.355362343
5225.0  25.3433720547
5226.0  25.33733919
5227.0  25.3436274817
5228.0  25.3489157753
5229.0  25.3513298669
5230.0  25.348508523
5231.0  25.3446690431
5232.0  25.3528714953
5233.0  25.3527781143
5234.0  25.342734437
5235.0  25.3454512406
5236.0  25.352101574
5237.0  25.3517084425
5238.0  25.3443053097
5239.0  25.3472917814
5240.0  25.3538458177
5241.0  25.3517086983
5242.0  25.3576135957
5243.0  25.3376506096
5244.0  25.3392389231
5245.0  25.3566628837
5246.0  25.3461469086
5247.0  25.3423345957
5248.0  25.35975427
5249.0  25.3471740948
5250.0  25.3423233165
5251.0  25.3598143857
5252.0  25.3612428436
5253.0  25.3595644259
5254.0  25.3504473821
5255.0  25.3653347923
5256.0  25.3620581569
5257.0  25.3584748059
5258.0  25.3600352369
5259.0  25.3559109784
5260.0  25.3526371922
5261.0  25.3627817737
5262.0  25.3692745103
5263.0  25.3614641883
5264.0  25.3618257508
5265.0  25.3641437373
5266.0  25.3687369378
5267.0  25.3665332533
5268.0  25.3526870247
5269.0  25.3690037678
5270.0  25.3674477628
5271.0  25.3642865447
5272.0  25.3619659468
5273.0  25.3738762962
5274.0  25.3633840471
5275.0  25.3671837101
5276.0  25.3710082468
5277.0  25.369963931
5278.0  25.3775777303
5279.0  25.3783066575
5280.0  25.3693348084
5281.0  25.3783059163
5282.0  25.3942032741
5283.0  25.3963723264
5284.0  25.3896477096
5285.0  25.3832925204
5286.0  25.4014614672
5287.0  25.4017887284
5288.0  25.4019387941
5289.0  25.3969203737
5290.0  25.3984235132
5291.0  25.3887995175
5292.0  25.3749304819
5293.0  25.3662020857
5294.0  25.3700888088
5295.0  25.3725664497
5296.0  25.3722790437
5297.0  25.3784907833
5298.0  25.3793342852
5299.0  25.3647549565
5300.0  25.3669022565
5301.0  25.3693000639
5302.0  25.367174751
5303.0  25.373252061
5304.0  25.3724009546
5305.0  25.3713283091
5306.0  25.383914435
5307.0  25.3864621796
5308.0  25.377138605
5309.0  25.3961202822
5310.0  25.3846140428
5311.0  25.385524785
5312.0  25.3890948838
5313.0  25.383732788
5314.0  25.4064031007
5315.0  25.4420729184
5316.0  25.4427193611
5317.0  25.4413969642
5318.0  25.4346198988
5319.0  25.4304828192
5320.0  25.4138596855
5321.0  25.3973003998
5322.0  25.4005806738
5323.0  25.3978610989
5324.0  25.3929543053
5325.0  25.4005557719
5326.0  25.3985863598
5327.0  25.4046047871
5328.0  25.4218035019
5329.0  25.4141158822
5330.0  25.402881393
5331.0  25.4150105147
5332.0  25.4066639989
5333.0  25.4055204167
5334.0  25.4180211665
5335.0  25.4189243029
5336.0  25.4288006665
5337.0  25.4239491824
5338.0  25.4129148868
5339.0  25.4162149564
5340.0  25.4403274948
5341.0  25.4209887536
5342.0  25.4257846508
5343.0  25.4237320518
5344.0  25.4234249544
5345.0  25.4299332596
5346.0  25.4293915113
5347.0  25.4431014977
5348.0  25.4441762444
5349.0  25.4479013997
5350.0  25.4675796043
5351.0  25.51883295
5352.0  25.5962142019
5353.0  25.6454783389
5354.0  25.6648903985
5355.0  25.6468579764
5356.0  25.6025002266
5357.0  25.5381497386
5358.0  25.4990348065
5359.0  25.4814413694
5360.0  25.4901297631
5361.0  25.4961171027
5362.0  25.5132713535
5363.0  25.5451508017
5364.0  25.5576754054
5365.0  25.5758864948
5366.0  25.5670150634
5367.0  25.5522113589
5368.0  25.5502432853
5369.0  25.5352210124
5370.0  25.5113571332
5371.0  25.4998039512
5372.0  25.5086328838
5373.0  25.5046616556
5374.0  25.4975727674
5375.0  25.5074893926
5376.0  25.5038468114
5377.0  25.5074595014
5378.0  25.5160098043
5379.0  25.4996319341
5380.0  25.5007679346
5381.0  25.5213779754
5382.0  25.5403417605
5383.0  25.5422313816
5384.0  25.5382826138
5385.0  25.5474187087
5386.0  25.5652422627
5387.0  25.5565218708
5388.0  25.5439950022
5389.0  25.5505231176
5390.0  25.5688801226
5391.0  25.5660530239
5392.0  25.568773299
5393.0  25.5786976785
5394.0  25.5774541412
5395.0  25.5695349179
5396.0  25.5665974918
5397.0  25.5727879455
5398.0  25.5847237442
5399.0  25.5880777701
5400.0  25.6008616096
5401.0  25.6057222081
5402.0  25.6146962974
5403.0  25.6262034003
5404.0  25.6390937958
5405.0  25.6654410986
5406.0  25.6644989561
5407.0  25.668671936
5408.0  25.6601978734
5409.0  25.6732117764
5410.0  25.6888779239
5411.0  25.6761237917
5412.0  25.6841382634
5413.0  25.6907497285
5414.0  25.6990588752
5415.0  25.7047907269
5416.0  25.7436722464
5417.0  25.7525856825
5418.0  25.7455716157
5419.0  25.7649463009
5420.0  25.7572436697
5421.0  25.7848933392
5422.0  25.7951629715
5423.0  25.8065522582
5424.0  25.8179683277
5425.0  25.8230975957
5426.0  25.8487476132
5427.0  25.8748345361
5428.0  25.8765668089
5429.0  25.8914059596
5430.0  25.9041319113
5431.0  25.9333628883
5432.0  25.9349607603
5433.0  25.9644107462
5434.0  25.9929637061
5435.0  26.0224531588
5436.0  26.0586035895
5437.0  26.0807796464
5438.0  26.1311556824
5439.0  26.1932058179
5440.0  26.2332674529
5441.0  26.310790414
5442.0  26.3734118969
5443.0  26.447663326
5444.0  26.5280214945
5445.0  26.6258519058
5446.0  26.7618061654
5447.0  26.8906968079
5448.0  27.0490329947
5449.0  27.2509693688
5450.0  27.5024901247
5451.0  27.8618769809
5452.0  28.4606123963
5453.0  29.8027206914
5454.0  34.5883755003
5455.0  56.644258126
5456.0  164.087972
5457.0  534.347618135
5458.0  1210.40391931
5459.0  1862.08679688
5460.0  2211.53645314
5461.0  2237.15806999
5462.0  1932.20797086
5463.0  1279.38090571
5464.0  584.80963613
5465.0  195.79462837
5466.0  67.2383728799
5467.0  37.7535143698
5468.0  31.1190545673
5469.0  29.2268683111
5470.0  28.393391384
5471.0  27.9002946612
5472.0  27.5539923503
5473.0  27.3097566729
5474.0  27.0704837916
5475.0  26.8859530923
5476.0  26.7431867715
5477.0  26.597752057
5478.0  26.4880407128
5479.0  26.4173473815
5480.0  26.347346346
5481.0  26.2868898736
5482.0  26.2264243675
5483.0  26.1826398688
5484.0  26.1227979717
5485.0  26.0775763215
5486.0  26.0674918527
5487.0  26.0391285581
5488.0  25.9957280536
5489.0  25.9535880613
5490.0  25.9312761463
5491.0  25.9234116856
5492.0  25.9135538289
5493.0  25.8934618098
5494.0  25.8695839136
5495.0  25.8622780973
5496.0  25.841848919
5497.0  25.8403377071
5498.0  25.8246918443
5499.0  25.8013290863
5500.0  25.7923399724
5501.0  25.7723424305
5502.0  25.7704616034
5503.0  25.7510163051
5504.0  25.7383862243
5505.0  25.7400803191
5506.0  25.7285693255
5507.0  25.7167174885
5508.0  25.6939847121
5509.0  25.6806281763
5510.0  25.6922649558
5511.0  25.6796715677
5512.0  25.648556284
5513.0  25.6481992318
5514.0  25.6525752944
5515.0  25.6388925438
5516.0  25.6189024109
5517.0  25.6184563799
5518.0  25.6160935331
5519.0  25.6117929274
5520.0  25.600573095
5521.0  25.5918377027
5522.0  25.6042647197
5523.0  25.598025237
5524.0  25.5825452751
5525.0  25.5634318987
5526.0  25.5735664602
5527.0  25.5784980057
5528.0  25.5576517941
5529.0  25.5540461623
5530.0  25.5548130489
5531.0  25.5547651715
5532.0  25.5413831706
5533.0  25.5377224545
5534.0  25.5361424271
5535.0  25.532723376
5536.0  25.5362624111
5537.0  25.5325097473
5538.0  25.5209674178
5539.0  25.5128448085
5540.0  25.5031564563
5541.0  25.5158915523
5542.0  25.5111648442
5543.0  25.5115220777
5544.0  25.5164972581
5545.0  25.522736679
5546.0  25.5144400307
5547.0  25.5118663622
5548.0  25.5195375439
5549.0  25.5270953892
5550.0  25.5324015151
5551.0  25.5227292856
5552.0  25.4998483219
5553.0  25.4917409628
5554.0  25.4826915271
5555.0  25.4674595821
5556.0  25.4793253753
5557.0  25.4818380488
5558.0  25.4949050286
5559.0  25.4833047395
5560.0  25.4675779324
5561.0  25.4619901204
5562.0  25.4667034196
5563.0  25.4611369996
5564.0  25.4689456048
5565.0  25.4689945204
5566.0  25.4567344796
5567.0  25.4581527555
5568.0  25.4590614779
5569.0  25.4590790621
5570.0  25.4511984345
5571.0  25.4442880372
5572.0  25.4533523862
5573.0  25.4445874084
5574.0  25.4431755127
5575.0  25.4483529773
5576.0  25.4528138774
5577.0  25.451765341
5578.0  25.4540601218
5579.0  25.4422367519
5580.0  25.4404193784
5581.0  25.4430831482
5582.0  25.4354011881
5583.0  25.4377828497
5584.0  25.4422961297
5585.0  25.4345949725
5586.0  25.4259709779
5587.0  25.4325411162
5588.0  25.4267585079
5589.0  25.4213021506
5590.0  25.4231696306
5591.0  25.4167036546
5592.0  25.4324775821
5593.0  25.425528083
5594.0  25.4240464184
5595.0  25.4190803834
5596.0  25.4244500827
5597.0  25.4352517908
5598.0  25.4359316501
5599.0  25.4290790797
5600.0  25.4227284942
5601.0  25.4125556147
5602.0  25.419413552
5603.0  25.4214179004
5604.0  25.4140098587
5605.0  25.4137095506
5606.0  25.4210283017
5607.0  25.4085932469
5608.0  25.4024305626
5609.0  25.4130054547
5610.0  25.4057045816
5611.0  25.3980129134
5612.0  25.3974970383
5613.0  25.4026702506
5614.0  25.4081490966
5615.0  25.4051107697
5616.0  25.3956380846
5617.0  25.3987816171
5618.0  25.415672085
5619.0  25.422192869
5620.0  25.404204107
5621.0  25.408112202
5622.0  25.4013186233
5623.0  25.4199867825
5624.0  25.4000804668
5625.0  25.4051119284
5626.0  25.3941626872
5627.0  25.3933880738
5628.0  25.4024554207
5629.0  25.3954414183
5630.0  25.3926288018
5631.0  25.3923999527
5632.0  25.4022301145
5633.0  25.409746631
5634.0  25.397504702
5635.0  25.3858860886
5636.0  25.3882397895
5637.0  25.3999161113
5638.0  25.4011314602
5639.0  25.3908584126
5640.0  25.3956745113
5641.0  25.3904227987
5642.0  25.4000992506
5643.0  25.396542545
5644.0  25.3857617075
5645.0  25.3838712647
5646.0  25.394075057
5647.0  25.3917818973
5648.0  25.3998645077
5649.0  25.38625818
5650.0  25.3929360856
5651.0  25.3910984765
5652.0  25.3929235659
5653.0  25.3902026183
5654.0  25.3897934211
5655.0  25.3894436184
5656.0  25.3880677509
5657.0  25.395584436
5658.0  25.3908703286
5659.0  25.3966438187
5660.0  25.3938080413
5661.0  25.3874964961
5662.0  25.3854676498
5663.0  25.3870092265
5664.0  25.3896005054
5665.0  25.3906271595
5666.0  25.3953699529
5667.0  25.3948978234
5668.0  25.3931627983
5669.0  25.3957469601
5670.0  25.3887210175
5671.0  25.404684352
5672.0  25.428794951
5673.0  25.4890829645
5674.0  25.556074738
5675.0  25.5779783284
5676.0  25.597767526
5677.0  25.5874393255
5678.0  25.5450409175
5679.0  25.4790699411
5680.0  25.4264934287
5681.0  25.4144862122
5682.0  25.4112947319
5683.0  25.4010692753
5684.0  25.3940781779
5685.0  25.3920157289
5686.0  25.4023661382
5687.0  25.4003175969
5688.0  25.3964474403
5689.0  25.3954880719
5690.0  25.3982861388
5691.0  25.4040184558
5692.0  25.413232601
5693.0  25.4118162983
5694.0  25.4023422727
5695.0  25.4069597757
5696.0  25.4025672698
5697.0  25.399784005
5698.0  25.3948372369
5699.0  25.3975731567
5700.0  25.3978380915
5701.0  25.4026009706
5702.0  25.4069880166
5703.0  25.3981997922
5704.0  25.4007838811
5705.0  25.4042160545
5706.0  25.4117362097
5707.0  25.4132200825
5708.0  25.4061326219
5709.0  25.4097596524
5710.0  25.4088889463
5711.0  25.4100621288
5712.0  25.4284503089
5713.0  25.4345221636
5714.0  25.4207328942
5715.0  25.4143626077
5716.0  25.4096300297
5717.0  25.4147217786
5718.0  25.4235497549
5719.0  25.4263193831
5720.0  25.4268400597
5721.0  25.419273713
5722.0  25.4299609937
5723.0  25.4375909689
5724.0  25.4430828982
5725.0  25.4520943689
5726.0  25.4485788622
5727.0  25.4400952219
5728.0  25.4435430632
5729.0  25.4421486577
5730.0  25.4539813623
5731.0  25.4624566792
5732.0  25.4543779088
5733.0  25.4560269297
5734.0  25.4551837728
5735.0  25.4624606116
5736.0  25.4676474418
5737.0  25.4623688469
5738.0  25.4652869032
5739.0  25.4702629348
5740.0  25.4758912686
5741.0  25.4700123255
5742.0  25.4901210579
5743.0  25.4808921088
5744.0  25.4963722058
5745.0  25.5027962915
5746.0  25.5096083472
5747.0  25.5315166982
5748.0  25.5406965762
5749.0  25.5560303315
5750.0  25.5492389909
5751.0  25.5645969088
5752.0  25.5755562443
5753.0  25.5970071176
5754.0  25.6240813675
5755.0  25.6439187688
5756.0  25.6820541277
5757.0  25.7175312778
5758.0  25.7663046172
5759.0  25.8180870708
5760.0  25.8962232262
5761.0  25.9918754006
5762.0  26.2352378028
5763.0  27.1441175336
5764.0  31.2824660813
5765.0  50.4738577043
5766.0  111.064175332
5767.0  218.241150399
5768.0  321.844172995
5769.0  372.535632712
5770.0  371.346933423
5771.0  317.867814335
5772.0  212.542148924
5773.0  106.417327156
5774.0  49.04386485
5775.0  31.5121270264
5776.0  27.5845999515
5777.0  26.6217808427
5778.0  26.3016577984
5779.0  26.1931515762
5780.0  26.1453704014
5781.0  26.1504147821
5782.0  26.1849112014
5783.0  26.3981639405
5784.0  27.276217332
5785.0  31.4332661559
5786.0  50.3789200196
5787.0  109.26857651
5788.0  216.41736181
5789.0  323.242660718
5790.0  377.721170464
5791.0  377.997595772
5792.0  325.102838982
5793.0  221.126561798
5794.0  112.734276101
5795.0  51.3026579963
5796.0  31.9932789474
5797.0  27.6179837935
5798.0  26.5474778611
5799.0  26.2019695784
5800.0  26.0376943788
5801.0  25.981264198
5802.0  25.9807108478
5803.0  25.9838064049
5804.0  25.9346856047
5805.0  25.8729897378
5806.0  25.8026644793
5807.0  25.7101118194
5808.0  25.6448686499
5809.0  25.6214592986
5810.0  25.6082847175
5811.0  25.5720622967
5812.0  25.5624265099
5813.0  25.5611027307
5814.0  25.5487470397
5815.0  25.5390622521
5816.0  25.5421217559
5817.0  25.5522888869
5818.0  25.5386112434
5819.0  25.5427895306
5820.0  25.5249318142
5821.0  25.5075085923
5822.0  25.5024282473
5823.0  25.482093065
5824.0  25.4707941213
5825.0  25.4605609529
5826.0  25.4722185601
5827.0  25.4590469169
5828.0  25.4373303579
5829.0  25.4399266758
5830.0  25.442848227
5831.0  25.4500228035
5832.0  25.4264122278
5833.0  25.4294385308
5834.0  25.4280094999
5835.0  25.4284198523
5836.0  25.4146382509
5837.0  25.426559036
5838.0  25.4328307075
5839.0  25.4023014558
5840.0  25.4083238167
5841.0  25.4082425646
5842.0  25.4110137841
5843.0  25.4132040481
5844.0  25.4012254827
5845.0  25.3953677246
5846.0  25.4110355931
5847.0  25.4062219124
5848.0  25.3916726491
5849.0  25.3968413773
5850.0  25.3984475578
5851.0  25.3878305376
5852.0  25.3960946542
5853.0  25.3923477741
5854.0  25.3971582355
5855.0  25.3985516491
5856.0  25.4253916995
5857.0  25.4594713474
5858.0  25.5045231322
5859.0  25.5096582919
5860.0  25.5057556643
5861.0  25.4774577541
5862.0  25.4437879538
5863.0  25.4095071908
5864.0  25.392998757
5865.0  25.3837557345
5866.0  25.3816873424
5867.0  25.3791199692
5868.0  25.3776155328
5869.0  25.3960315907
5870.0  25.4102053072
5871.0  25.418314949
5872.0  25.4153370943
5873.0  25.4134703797
5874.0  25.3970204518
5875.0  25.3830505343
5876.0  25.3730539727
5877.0  25.3666904267
5878.0  25.368355575
5879.0  25.3630723391
5880.0  25.3685426192
5881.0  25.3818714838
5882.0  25.3804409664
5883.0  25.3804950295
5884.0  25.3751400744
5885.0  25.3901237162
5886.0  25.4026166745
5887.0  25.4297501966
5888.0  25.4504717958
5889.0  25.4555928083
5890.0  25.4623204576
5891.0  25.455550579
5892.0  25.4427942371
5893.0  25.4220979149
5894.0  25.4046977437
5895.0  25.3963630985
5896.0  25.3731676126
5897.0  25.3658883114
5898.0  25.3553141785
5899.0  25.3558762175
5900.0  25.3508653462
5901.0  25.3521780297
5902.0  25.3646455006
5903.0  25.3570080405
5904.0  25.3561236218
5905.0  25.3620959612
5906.0  25.3545319846
5907.0  25.3515985824
5908.0  25.3444840609
5909.0  25.3449225801
5910.0  25.3474519556
5911.0  25.3548236977
5912.0  25.3532358112
5913.0  25.3487910531
5914.0  25.3443681194
5915.0  25.3389587227
5916.0  25.3481412474
5917.0  25.34179582
5918.0  25.333529498
5919.0  25.3431168481
5920.0  25.342239218
5921.0  25.3487707209
5922.0  25.3548675059
5923.0  25.3442558924
5924.0  25.3353940351
5925.0  25.3326276877
5926.0  25.3434112621
5927.0  25.3367261164
5928.0  25.3401240793
5929.0  25.3389128715
5930.0  25.3396170487
5931.0  25.3346217801
5932.0  25.3432340512
5933.0  25.3412241295
5934.0  25.3474642314
5935.0  25.3359542063
5936.0  25.3334979268
5937.0  25.3436442188
5938.0  25.3420949539
5939.0  25.3432375207
5940.0  25.3421856995
5941.0  25.3412078132
5942.0  25.338155947
5943.0  25.3378067414
5944.0  25.3395590884
5945.0  25.334037761
5946.0  25.3358648876
5947.0  25.3286749503
5948.0  25.3273943955
5949.0  25.3293870905
5950.0  25.3381242862
5951.0  25.3323241734
5952.0  25.3292243183
5953.0  25.3253978307
5954.0  25.32239401
5955.0  25.3282488414
5956.0  25.3367114477
5957.0  25.3375561764
5958.0  25.320559494
5959.0  25.3351356399
5960.0  25.3298157957
5961.0  25.331417298
5962.0  25.3318091946
5963.0  25.3224169585
5964.0  25.3228571145
5965.0  25.3239294799
5966.0  25.3186926584
5967.0  25.3176946907
5968.0  25.3274769646
5969.0  25.323609091
5970.0  25.3264952705
5971.0  25.3326944619
5972.0  25.3190914385
5973.0  25.3266340965
5974.0  25.3356877226
5975.0  25.3300441817
5976.0  25.3176264106
5977.0  25.3267943601
5978.0  25.3405374657
5979.0  25.3334140258
5980.0  25.3264961193
5981.0  25.3281369925
5982.0  25.3228847149
5983.0  25.3232413792
5984.0  25.3197587634
5985.0  25.333780925
5986.0  25.3263229964
5987.0  25.3157141923
5988.0  25.3060011832
5989.0  25.3116247774
5990.0  25.3236206407
5991.0  25.3182779089
5992.0  25.3192205492
5993.0  25.3314371374
5994.0  25.3166756846
5995.0  25.3153149552
5996.0  25.3251451119
5997.0  25.3259570626
5998.0  25.3214839502
5999.0  25.3228213396
6000.0  25.3310827403
6001.0  25.3212624999
6002.0  25.332076901
6003.0  25.332210774
6004.0  25.3207725473
6005.0  25.3200250454
6006.0  25.3206327344
6007.0  25.3174184367
6008.0  25.306459565
6009.0  25.3158453126
6010.0  25.3217080375
6011.0  25.3134414123
6012.0  25.3187147976
6013.0  25.3140389788
6014.0  25.3119872057
6015.0  25.3131228635
6016.0  25.3241719593
6017.0  25.3199736589
6018.0  25.3118179157
6019.0  25.3195421177
6020.0  25.321017526
6021.0  25.3112684705
6022.0  25.3080666537
6023.0  25.323776868
6024.0  25.3105819114
6025.0  25.3142375661
6026.0  25.3104721631
6027.0  25.3142057186
6028.0  25.3148782957
6029.0  25.3065294789
6030.0  25.3081874184
6031.0  25.3195194528
6032.0  25.3365476845
6033.0  25.3245448594
6034.0  25.3242644558
6035.0  25.315604216
6036.0  25.3149070007
6037.0  25.3148925623
6038.0  25.3225186578
6039.0  25.31324311
6040.0  25.3146748482
6041.0  25.3063854978
6042.0  25.3067052455
6043.0  25.3171213406
6044.0  25.3205609585
6045.0  25.3124513524
6046.0  25.314021371
6047.0  25.3192386922
6048.0  25.3135643801
6049.0  25.308006696
6050.0  25.2996553469
6051.0  25.3079820731
6052.0  25.3112729145
6053.0  25.3096446137
6054.0  25.3214813607
6055.0  25.309742374
6056.0  25.3045350267
6057.0  25.3067737977
6058.0  25.3078066714
6059.0  25.3077514118
6060.0  25.3085868166
6061.0  25.3048220134
6062.0  25.3050869955
6063.0  25.3049607637
6064.0  25.3123840815
6065.0  25.3078691182
6066.0  25.3088927944
6067.0  25.3145562971
6068.0  25.3100255001
6069.0  25.340957585
6070.0  25.3773698369
6071.0  25.4115832598
6072.0  25.4271722408
6073.0  25.4379334218
6074.0  25.4255254525
6075.0  25.3891445471
6076.0  25.3462554625
6077.0  25.3233885748
6078.0  25.311349571
6079.0  25.3208914287
6080.0  25.3190854578
6081.0  25.3087010027
6082.0  25.314709898
6083.0  25.3160261887
6084.0  25.31024825
6085.0  25.312777076
6086.0  25.3068656608
6087.0  25.3115808241
6088.0  25.3047017026
6089.0  25.3079625364
6090.0  25.3197480568
6091.0  25.3130915444
6092.0  25.3113714135
6093.0  25.3080229348
6094.0  25.308608442
6095.0  25.3162668752
6096.0  25.325279852
6097.0  25.3174495037
6098.0  25.3050470897
6099.0  25.2987287351
6100.0  25.3067762907
6101.0  25.3157406509
6102.0  25.3111815205
6103.0  25.3139464907
6104.0  25.3115914756
6105.0  25.3093850065
6106.0  25.3075403911
6107.0  25.3103577883
6108.0  25.3188092608
6109.0  25.3081345905
6110.0  25.3014411311
6111.0  25.3180724889
6112.0  25.3026720558
6113.0  25.3057081205
6114.0  25.3082852714
6115.0  25.2976844789
6116.0  25.3044358804
6117.0  25.3104720283
6118.0  25.3044974645
6119.0  25.3132373853
6120.0  25.3589756544
6121.0  25.4280967742
6122.0  25.4652550569
6123.0  25.5005891286
6124.0  25.5178927184
6125.0  25.4800041564
6126.0  25.4216136151
6127.0  25.3669760013
6128.0  25.3265295863
6129.0  25.3097464884
6130.0  25.300300973
6131.0  25.2960437509
6132.0  25.3104079483
6133.0  25.3154835292
6134.0  25.3054608484
6135.0  25.3033723172
6136.0  25.3046811829
6137.0  25.2978990897
6138.0  25.3034620585
6139.0  25.3092849741
6140.0  25.317393911
6141.0  25.3049622715
6142.0  25.3111067104
6143.0  25.3052172321
6144.0  25.2956592896
6145.0  25.3180087633
6146.0  25.3154178953
6147.0  25.3093019973
6148.0  25.310298437
6149.0  25.3044359861
6150.0  25.3082937884
6151.0  25.3139601782
6152.0  25.3171564578
6153.0  25.3111655238
6154.0  25.3085453769
6155.0  25.2996935681
6156.0  25.3152804004
6157.0  25.3027445867
6158.0  25.3002718456
6159.0  25.3031355578
6160.0  25.2986999401
6161.0  25.3116813406
6162.0  25.3039233381
6163.0  25.3028580075
6164.0  25.3046961346
6165.0  25.3023065888
6166.0  25.3084336593
6167.0  25.292903982
6168.0  25.2933141113
6169.0  25.3024382088
6170.0  25.3077810099
6171.0  25.3001277634
6172.0  25.2993448513
6173.0  25.2991234233
6174.0  25.3039560873
6175.0  25.315205678
6176.0  25.3165103808
6177.0  25.3223126913
6178.0  25.3215323832
6179.0  25.3090360555
6180.0  25.3105007599
6181.0  25.305573637
6182.0  25.3082789622
6183.0  25.3042914518
6184.0  25.3049605351
6185.0  25.3016664663
6186.0  25.2959376387
6187.0  25.2988397248
6188.0  25.3153709597
6189.0  25.3051892767
6190.0  25.3002084176
6191.0  25.3078740086
6192.0  25.3078009674
6193.0  25.3140070588
6194.0  25.3123163169
6195.0  25.3099610235
6196.0  25.3077496417
6197.0  25.3046152433
6198.0  25.315110378
6199.0  25.3039267275
6200.0  25.2975495936
6201.0  25.2921546887
6202.0  25.3006804119
6203.0  25.3056074051
6204.0  25.304807697
6205.0  25.3100000808
6206.0  25.3057573758
6207.0  25.3003468573
6208.0  25.2970003742
6209.0  25.3079545644
6210.0  25.3139696807
6211.0  25.3046728182
6212.0  25.2994713969
6213.0  25.2928755092
6214.0  25.3008203671
6215.0  25.3021907615
6216.0  25.2995538878
6217.0  25.3099102841
6218.0  25.3077818232
6219.0  25.3006021684
6220.0  25.301619083
6221.0  25.298358031
6222.0  25.2967968496
6223.0  25.3074491362
6224.0  25.3095300626
6225.0  25.3097724452
6226.0  25.3016892331
6227.0  25.3036739009
6228.0  25.3146479758
6229.0  25.3191428636
6230.0  25.346653935
6231.0  25.4256208138
6232.0  25.5509760547
6233.0  25.6810734241
6234.0  25.7529210293
6235.0  25.7400473555
6236.0  25.6629722793
6237.0  25.5272603513
6238.0  25.4124410474
6239.0  25.3419351666
6240.0  25.3166626733
6241.0  25.3217785178
6242.0  25.3122011038
6243.0  25.3005173574
6244.0  25.2962956518
6245.0  25.2873270263
6246.0  25.3073463515
6247.0  25.3070219979
6248.0  25.3048808613
6249.0  25.2999113882
6250.0  25.2983480172
6251.0  25.2922267821
6252.0  25.3044827247
6253.0  25.3174859895
6254.0  25.3071971786
6255.0  25.3116913149
6256.0  25.300427545
6257.0  25.2950591952
6258.0  25.2958001297
6259.0  25.2952892418
6260.0  25.3033201484
6261.0  25.3065561322
6262.0  25.2973864509
6263.0  25.3071170941
6264.0  25.2954443949
6265.0  25.2964892929
6266.0  25.2996896733
6267.0  25.3004793443
6268.0  25.3027737207
6269.0  25.2959507507
6270.0  25.2988594093
6271.0  25.3011792899
6272.0  25.2996945421
6273.0  25.297406761
6274.0  25.3120191659
6275.0  25.3088237677
6276.0  25.3052933798
6277.0  25.3047666758
6278.0  25.2943878667
6279.0  25.2984491227
6280.0  25.2974510926
6281.0  25.2984520917
6282.0  25.3051673015
6283.0  25.3009939681
6284.0  25.310367641
6285.0  25.2954700886
6286.0  25.2972563501
6287.0  25.3000596766
6288.0  25.2952563079
6289.0  25.305404375
6290.0  25.3059307964
6291.0  25.3067109086
6292.0  25.2981123893
6293.0  25.2971630754
6294.0  25.3021807848
6295.0  25.2943056682
6296.0  25.3082808907
6297.0  25.3083150689
6298.0  25.2975512892
6299.0  25.3057519018
6300.0  25.3117922537
6301.0  25.3033981949
6302.0  25.2961539124
6303.0  25.3064087019
6304.0  25.3049247907
6305.0  25.3102062106
6306.0  25.312164113
6307.0  25.3082925664
6308.0  25.302252718
6309.0  25.2970659378
6310.0  25.3046796095
6311.0  25.3046641318
6312.0  25.306410132
6313.0  25.3028596766
6314.0  25.3054028879
6315.0  25.2967206215
6316.0  25.2982538751
6317.0  25.298490107
6318.0  25.3027805049
6319.0  25.3021464158
6320.0  25.3041287459
6321.0  25.3086467031
6322.0  25.3081923481
6323.0  25.2952028405
6324.0  25.2925336418
6325.0  25.3077204224
6326.0  25.3006843998
6327.0  25.3009601623
6328.0  25.3053255516
6329.0  25.3111511431
6330.0  25.3086806458
6331.0  25.3016039436
6332.0  25.3107814908
6333.0  25.3055117405
6334.0  25.3038818361
6335.0  25.3019124828
6336.0  25.3073986272
6337.0  25.2984085744
6338.0  25.3067067253
6339.0  25.3068073628
6340.0  25.2998979403
6341.0  25.3114506406
6342.0  25.3031628937
6343.0  25.295098124
6344.0  25.2956013431
6345.0  25.2915666789
6346.0  25.3002661581
6347.0  25.2972929541
6348.0  25.2978131963
6349.0  25.2967757134
6350.0  25.2952833504
6351.0  25.2948679998
6352.0  25.3020161155
6353.0  25.3026555998
6354.0  25.300217021
6355.0  25.3031492688
6356.0  25.3032600884
6357.0  25.3008008791
6358.0  25.2949004818
6359.0  25.2980376904
6360.0  25.2967159355
6361.0  25.308655751
6362.0  25.2971260294
6363.0  25.2982232142
6364.0  25.3043268581
6365.0  25.3050280328
6366.0  25.3164034223
6367.0  25.3041877072
6368.0  25.2896922762
6369.0  25.2909807009
6370.0  25.3012246917
6371.0  25.3023117522
6372.0  25.301833117
6373.0  25.2961758488
6374.0  25.3073487532
6375.0  25.3030812769
6376.0  25.2935797979
6377.0  25.305817398
6378.0  25.3106838152
6379.0  25.3021216922
6380.0  25.2974853004
6381.0  25.2993859269
6382.0  25.2986791099
6383.0  25.3055578422
6384.0  25.2934647906
6385.0  25.2993882
6386.0  25.3009543228
6387.0  25.2983152614
6388.0  25.3038494313
6389.0  25.3054872571
6390.0  25.297860747
6391.0  25.2970951963
6392.0  25.296929702
6393.0  25.3036303926
6394.0  25.3009769995
6395.0  25.2967453396
6396.0  25.3006832987
6397.0  25.3014509339
6398.0  25.3006969108
6399.0  25.2871182613
6400.0  25.2907978258
6401.0  25.2977283357
6402.0  25.3084600431
6403.0  25.2989495946
6404.0  25.3066351036
6405.0  25.3025426684
6406.0  25.2978907933
6407.0  25.3033564482
6408.0  25.3029213652
6409.0  25.295089576
6410.0  25.2943522084
6411.0  25.3108241484
6412.0  25.3056674082
6413.0  25.3014188923
6414.0  25.3089795126
6415.0  25.3088009874
6416.0  25.3035011545
6417.0  25.3055840873
6418.0  25.2993269317
6419.0  25.3026157706
6420.0  25.3040849445
6421.0  25.292012116
6422.0  25.2936566808
6423.0  25.3072390098
6424.0  25.2974781861
6425.0  25.2929958919
6426.0  25.2983172076
6427.0  25.3080693252
6428.0  25.2970412773
6429.0  25.2987959498
6430.0  25.3113211551
6431.0  25.3045369946
6432.0  25.2977350144
6433.0  25.2931125462
6434.0  25.3059879662
6435.0  25.3030245689
6436.0  25.3064227962
6437.0  25.3077236877
6438.0  25.3098047761
6439.0  25.3063360217
6440.0  25.2981474802
6441.0  25.3025766925
6442.0  25.3077569614
6443.0  25.3111434193
6444.0  25.3094758658
6445.0  25.3040371893
6446.0  25.3025251714
6447.0  25.3066075696
6448.0  25.296755886
6449.0  25.3061998884
6450.0  25.2969329449
6451.0  25.3001226582
6452.0  25.3045789692
6453.0  25.3003213592
6454.0  25.3003734321
6455.0  25.3077609601
6456.0  25.2978717292
6457.0  25.3120173526
6458.0  25.3137519978
6459.0  25.3126912745
6460.0  25.306338126
6461.0  25.3045331722
6462.0  25.3029352322
6463.0  25.3003741866
6464.0  25.3007961036
6465.0  25.2991416413
6466.0  25.3024872621
6467.0  25.3121119504
6468.0  25.313999316
6469.0  25.3037584478
6470.0  25.3000588019
6471.0  25.2977009639
6472.0  25.3106865312
6473.0  25.2986221636
6474.0  25.2958918152
6475.0  25.2992525039
6476.0  25.3033406583
6477.0  25.2946442645
6478.0  25.3040130471
6479.0  25.3056589005
6480.0  25.3007267193
6481.0  25.3040590232
6482.0  25.2871853791
6483.0  25.2934379636
6484.0  25.3032972103
6485.0  25.3000549651
6486.0  25.2939783178
6487.0  25.2996389484
6488.0  25.3074968377
6489.0  25.2958418994
6490.0  25.2897574491
6491.0  25.2959715371
6492.0  25.3014253769
6493.0  25.3056354313
6494.0  25.2956631157
6495.0  25.3014526378
6496.0  25.3028942363
6497.0  25.3080588987
6498.0  25.3031545538
6499.0  25.3064588954
6500.0  25.3068670698
6501.0  25.3019368659
6502.0  25.29278456
6503.0  25.2967058194
6504.0  25.2941635598
6505.0  25.3053046498
6506.0  25.3113347881
6507.0  25.3081247895
6508.0  25.2963608653
6509.0  25.2949612154
6510.0  25.2863159062
6511.0  25.3020149468
6512.0  25.2997351245
6513.0  25.2961194356
6514.0  25.2957317102
6515.0  25.3013872377
6516.0  25.3055771657
6517.0  25.2952981
6518.0  25.2856583226
6519.0  25.2922690997
6520.0  25.2954437095
6521.0  25.2998452938
6522.0  25.3002203067
6523.0  25.2978931755
6524.0  25.2948112971
6525.0  25.2918520546
6526.0  25.3004694938
6527.0  25.2978174482
6528.0  25.2886153688
6529.0  25.2947183099
6530.0  25.2915367211
6531.0  25.2885509855
6532.0  25.2913757478
6533.0  25.2981061188
6534.0  25.2889578606
6535.0  25.288980566
6536.0  25.29545273
6537.0  25.2898421495
6538.0  25.2973489252
6539.0  25.2933072422
6540.0  25.3076092604
6541.0  25.2998081848
6542.0  25.2916254379
6543.0  25.2899102925
6544.0  25.2857190703
6545.0  25.2916570279
6546.0  25.2905299843
6547.0  25.2810787721
6548.0  25.2839575807
6549.0  25.2846738823
6550.0  25.2908820762
6551.0  25.2966157348
6552.0  25.2949944961
6553.0  25.288685352
6554.0  25.2855045714
6555.0  25.2906266665
6556.0  25.287479578
6557.0  25.283148943
6558.0  25.2858877802
6559.0  25.2863457266
6560.0  25.2967712139
6561.0  25.3215199575
6562.0  25.315852672
6563.0  25.3137971639
6564.0  25.3148155624
6565.0  25.3133713535
6566.0  25.2996692291
6567.0  25.2883233988
6568.0  25.2861795851
6569.0  25.2941284071
6570.0  25.2769118501
6571.0  25.2836096732
6572.0  25.2877508898
6573.0  25.2930954965
6574.0  25.286055984
6575.0  25.2876469626
6576.0  25.2934660988
6577.0  25.2897255717
6578.0  25.2844072693
6579.0  25.2860690116
6580.0  25.2835623979
6581.0  25.2726547303
6582.0  25.282891014
6583.0  25.2868280006
6584.0  25.2911918049
6585.0  25.2823094798
6586.0  25.2768464332
6587.0  25.2858218782
6588.0  25.2834230938
6589.0  25.2877815317
6590.0  25.2833143995
6591.0  25.2757692012
6592.0  25.2905976273
6593.0  25.2861838595
6594.0  25.2844430767
6595.0  25.2914335755
6596.0  25.2824385487
6597.0  25.2791430641
6598.0  25.2874156013
6599.0  25.2829346651
6600.0  25.2923761436
6601.0  25.2821201209
6602.0  25.2878874262
6603.0  25.2894845686
6604.0  25.2920259533
6605.0  25.294246283
6606.0  25.2919966069
6607.0  25.2931233866
6608.0  25.2833763696
6609.0  25.2831907179
6610.0  25.2752207865
6611.0  25.2732045999
6612.0  25.2872254421
6613.0  25.280823298
6614.0  25.2791843174
6615.0  25.2819595716
6616.0  25.2850318691
6617.0  25.2846326677
6618.0  25.2858873162
6619.0  25.2884854337
6620.0  25.2852990014
6621.0  25.2804361308
6622.0  25.2814974544
6623.0  25.2885085024
6624.0  25.2716251405
6625.0  25.2778108875
6626.0  25.2860867114
6627.0  25.2887862009
6628.0  25.2903540157
6629.0  25.285032275
6630.0  25.29684093
6631.0  25.2914016451
6632.0  25.2868972236
6633.0  25.2788899399
6634.0  25.2841607112
6635.0  25.2758022558
6636.0  25.2888480578
6637.0  25.2792322843
6638.0  25.272366337
6639.0  25.2840076888
6640.0  25.2800365306
6641.0  25.2799664944
6642.0  25.2700548011
6643.0  25.2769349987
6644.0  25.2750351915
6645.0  25.2738381665
6646.0  25.2737672509
6647.0  25.2705462515
6648.0  25.2793366855
6649.0  25.2939287102
6650.0  25.285160545
6651.0  25.2808529804
6652.0  25.2867572193
6653.0  25.2803604488
6654.0  25.2702267372
6655.0  25.2710549294
6656.0  25.2676852421
6657.0  25.2749176384
6658.0  25.2787295648
6659.0  25.2835902195
6660.0  25.288517967
6661.0  25.2876917957
6662.0  25.288013475
6663.0  25.2821105008
6664.0  25.2770083043
6665.0  25.2712206637
6666.0  25.2871218749
6667.0  25.2948113601
6668.0  25.2879823654
6669.0  25.2759690288
6670.0  25.2774277427
6671.0  25.2800128886
6672.0  25.2765501152
6673.0  25.2850677727
6674.0  25.2933369921
6675.0  25.2864693219
6676.0  25.2860802837
6677.0  25.2846952025
6678.0  25.2802725849
6679.0  25.2841193991
6680.0  25.2789905528
6681.0  25.2760685609
6682.0  25.2744776798
6683.0  25.2852358571
6684.0  25.2730883263
6685.0  25.2746425633
6686.0  25.2882261118
6687.0  25.2895340262
6688.0  25.2823696398
6689.0  25.2774124895
6690.0  25.2709278735
6691.0  25.2780586869
6692.0  25.2885555696
6693.0  25.2826545127
6694.0  25.2843048064
6695.0  25.2850335892
6696.0  25.2737730118
6697.0  25.2853866619
6698.0  25.2752250701
6699.0  25.2827935037
6700.0  25.2905266686
6701.0  25.2835437946
6702.0  25.2760697188
6703.0  25.2798023061
6704.0  25.2833344244
6705.0  25.2817367724
6706.0  25.2709729467
6707.0  25.2769210748
6708.0  25.2877984356
6709.0  25.2849450659
6710.0  25.2768266891
6711.0  25.27874506
6712.0  25.3061854838
6713.0  25.3461821402
6714.0  25.4229629575
6715.0  25.5013834055
6716.0  25.5348051965
6717.0  25.5481029481
6718.0  25.4899606193
6719.0  25.4177312395
6720.0  25.3542088151
6721.0  25.3079822588
6722.0  25.2951305251
6723.0  25.2852143361
6724.0  25.27994831
6725.0  25.2818415203
6726.0  25.2910297856
6727.0  25.2849495756
6728.0  25.2689302759
6729.0  25.2693164595
6730.0  25.2849524149
6731.0  25.2769231172
6732.0  25.2781006582
6733.0  25.2911493881
6734.0  25.2856871059
6735.0  25.2810146797
6736.0  25.2755638279
6737.0  25.2735200895
6738.0  25.2774314915
6739.0  25.276465314
6740.0  25.2685029475
6741.0  25.2694171526
6742.0  25.2786115938
6743.0  25.2787321242
6744.0  25.2821273968
6745.0  25.2743430376
6746.0  25.2770234117
6747.0  25.293353046
6748.0  25.2831674289
6749.0  25.2811029899
6750.0  25.2882483934
6751.0  25.2927935764
6752.0  25.3000130387
6753.0  25.2848849389
6754.0  25.2852372398
6755.0  25.2911132943
6756.0  25.2824721513
6757.0  25.2869725937
6758.0  25.272269578
6759.0  25.2797685238
6760.0  25.2760449143
6761.0  25.2704289728
6762.0  25.278151995
6763.0  25.2800511319
6764.0  25.2761320489
6765.0  25.2753444179
6766.0  25.286297587
6767.0  25.2842303677
6768.0  25.2711161965
6769.0  25.2904955113
6770.0  25.2630047086
6771.0  25.2780450406
6772.0  25.2797376513
6773.0  25.2785636909
6774.0  25.280407618
6775.0  25.2743974038
6776.0  25.2685711697
6777.0  25.2742586342
6778.0  25.2732882407
6779.0  25.2667941521
6780.0  25.2834936541
6781.0  25.283699261
6782.0  25.285370329
6783.0  25.2889611781
6784.0  25.2843952645
6785.0  25.2819379837
6786.0  25.2789608625
6787.0  25.2749021745
6788.0  25.2772909042
6789.0  25.2769401501
6790.0  25.2723719656
6791.0  25.2699093688
6792.0  25.2764352646
6793.0  25.2816686113
6794.0  25.2718629425
6795.0  25.2742171534
6796.0  25.2804689208
6797.0  25.2805249199
6798.0  25.2766952029
6799.0  25.2736310282
6800.0  25.2737148065
6801.0  25.2718147713
6802.0  25.2761421425
6803.0  25.2790316804
6804.0  25.2840592737
6805.0  25.285125866
6806.0  25.2750657149
6807.0  25.281233421
6808.0  25.2829281837
6809.0  25.2813119024
6810.0  25.276952441
6811.0  25.2877727313
6812.0  25.2900062893
6813.0  25.2843611122
6814.0  25.2804829772
6815.0  25.2888125993
6816.0  25.2826956864
6817.0  25.2803799342
6818.0  25.283460877
6819.0  25.28375
