4555.0  17.0458070156
4556.0  17.0531794729
4557.0  17.0522023274
4558.0  17.0444948325
4559.0  17.0505302301
4560.0  17.053957418
4561.0  17.0594869027
4562.0  17.0560903893
4563.0  17.0586230171
4564.0  17.0583935332
4565.0  17.0660644864
4566.0  17.0650254866
4567.0  17.0677292437
4568.0  17.0646573281
4569.0  17.0574391712
4570.0  17.0667490587
4571.0  17.069418687
4572.0  17.0636859015
4573.0  17.0718463159
4574.0  17.092445661
4575.0  17.0780116933
4576.0  17.0763243751
4577.0  17.080439741
4578.0  17.0754194192
4579.0  17.074321815
4580.0  17.078042358
4581.0  17.0813700149
4582.0  17.0853226977
4583.0  17.0811797736
4584.0  17.0897268405
4585.0  17.0919139407
4586.0  17.10039609
4587.0  17.1030382855
4588.0  17.0982865549
4589.0  17.1042358757
4590.0  17.0873272361
4591.0  17.0827656789
4592.0  17.0923348007
4593.0  17.1077082398
4594.0  17.1171106247
4595.0  17.1066268086
4596.0  17.1060086609
4597.0  17.1134676005
4598.0  17.1127785123
4599.0  17.1121322511
4600.0  17.1269166974
4601.0  17.1161587184
4602.0  17.1234987662
4603.0  17.1226855328
4604.0  17.129853902
4605.0  17.1288014741
4606.0  17.1315523938
4607.0  17.130872008
4608.0  17.1322338305
4609.0  17.1466165705
4610.0  17.1512265911
4611.0  17.1590596205
4612.0  17.190627654
4613.0  17.2078246337
4614.0  17.2279624895
4615.0  17.2431048619
4616.0  17.2363717989
4617.0  17.2145690025
4618.0  17.1771264056
4619.0  17.1758153956
4620.0  17.1709410677
4621.0  17.1785136981
4622.0  17.187834658
4623.0  17.1799097138
4624.0  17.1680923145
4625.0  17.1794876121
4626.0  17.1821598013
4627.0  17.1813449231
4628.0  17.1853685023
4629.0  17.1963678535
4630.0  17.1989418981
4631.0  17.212023407
4632.0  17.2184280904
4633.0  17.2322277224
4634.0  17.2199032065
4635.0  17.2313606689
4636.0  17.2386213377
4637.0  17.2525107023
4638.0  17.2407843179
4639.0  17.254244838
4640.0  17.2703258021
4641.0  17.2717007491
4642.0  17.2767745944
4643.0  17.2772869992
4644.0  17.2860366335
4645.0  17.3002016762
4646.0  17.3005350196
4647.0  17.3058338333
4648.0  17.3174845986
4649.0  17.333352477
4650.0  17.3616442105
4651.0  17.3717904307
4652.0  17.3717748514
4653.0  17.4006569671
4654.0  17.4255697623
4655.0  17.4419257608
4656.0  17.4879562088
4657.0  17.6167420535
4658.0  18.1093377582
4659.0  19.6581681914
4660.0  22.1072979456
4661.0  24.2002561442
4662.0  25.2422724391
4663.0  25.2676854797
4664.0  24.1483674257
4665.0  21.7811930529
4666.0  19.6471662604
4667.0  18.6511027139
4668.0  18.418684252
4669.0  18.4982732269
4670.0  18.7958281215
4671.0  19.5711454515
4672.0  22.5994311225
4673.0  37.6665644754
4674.0  107.59013605
4675.0  304.658228133
4676.0  577.249893496
4677.0  775.399721195
4678.0  857.624799307
4679.0  828.233809912
4680.0  655.58550979
4681.0  381.594805495
4682.0  163.330447685
4683.0  61.9459715129
4684.0  29.2107880768
4685.0  21.1528299478
4686.0  19.2704666182
4687.0  18.6323387972
4688.0  18.355572762
4689.0  18.1675996932
4690.0  18.0292477882
4691.0  17.905703855
4692.0  17.80886686
4693.0  17.7521037644
4694.0  17.674479961
4695.0  17.6544494701
4696.0  17.6202672076
4697.0  17.571279061
4698.0  17.5546031626
4699.0  17.543879191
4700.0  17.5178234201
4701.0  17.4968681434
4702.0  17.4822300494
4703.0  17.4689845386
4704.0  17.469501303
4705.0  17.4548949078
4706.0  17.4434176349
4707.0  17.4266946681
4708.0  17.4154681112
4709.0  17.4118880219
4710.0  17.4033596023
4711.0  17.3934076307
4712.0  17.3897043421
4713.0  17.3943338075
4714.0  17.3824734996
4715.0  17.3787082027
4716.0  17.3728523314
4717.0  17.3747682949
4718.0  17.385739228
4719.0  17.3781708273
4720.0  17.367229906
4721.0  17.3600542273
4722.0  17.3694931798
4723.0  17.3728657607
4724.0  17.3665356245
4725.0  17.3573439574
4726.0  17.3667049946
4727.0  17.3622398965
4728.0  17.3583124569
4729.0  17.347294549
4730.0  17.3465096768
4731.0  17.3548638532
4732.0  17.3539042918
4733.0  17.3626050696
4734.0  17.3354451612
4735.0  17.3418856584
4736.0  17.3560560925
4737.0  17.3488744533
4738.0  17.3358315606
4739.0  17.3400618723
4740.0  17.3666295165
4741.0  17.3602422622
4742.0  17.3580518051
4743.0  17.3563393605
4744.0  17.3709270643
4745.0  17.3851338911
4746.0  17.3817057251
4747.0  17.3756057291
4748.0  17.3828915026
4749.0  17.3930192192
4750.0  17.4000584672
4751.0  17.4056142435
4752.0  17.420951434
4753.0  17.4119111787
4754.0  17.4271427178
4755.0  17.4468540072
4756.0  17.450130378
4757.0  17.4620491307
4758.0  17.4629270626
4759.0  17.458359208
4760.0  17.4632502186
4761.0  17.4692107818
4762.0  17.4840381549
4763.0  17.499188283
4764.0  17.5060723919
4765.0  17.5199352861
4766.0  17.5400369205
4767.0  17.540075589
4768.0  17.5539430486
4769.0  17.5814279796
4770.0  17.5966063105
4771.0  17.6353434264
4772.0  17.6596137921
4773.0  17.6841739056
4774.0  17.7306119359
4775.0  17.7616203685
4776.0  17.7957474391
4777.0  17.8386799493
4778.0  17.8795812879
4779.0  17.9496181826
4780.0  18.0073535132
4781.0  18.0735043424
4782.0  18.1526769494
4783.0  18.2357986259
4784.0  18.3424189693
4785.0  18.4521644521
4786.0  18.5801882691
4787.0  18.7336455554
4788.0  18.9341010501
4789.0  19.1594810895
4790.0  19.4631558153
4791.0  19.8845035978
4792.0  20.6875706546
4793.0  22.9007092883
4794.0  32.356367844
4795.0  79.1662211116
4796.0  266.562397397
4797.0  690.808892739
4798.0  1171.86418804
4799.0  1481.44659171
4800.0  1576.97063757
4801.0  1449.66360913
4802.0  1061.12066126
4803.0  565.476639972
4804.0  224.507588881
4805.0  77.7882582735
4806.0  33.9743407169
4807.0  23.5552794224
4808.0  20.8868616404
4809.0  19.8878621754
4810.0  19.3748146488
4811.0  19.0353940546
4812.0  18.7777405788
4813.0  18.5575960432
4814.0  18.4067400384
4815.0  18.2656435083
4816.0  18.15894926
4817.0  18.0726476317
4818.0  17.9918011709
4819.0  17.9538721718
4820.0  17.9071186403
4821.0  17.8540185706
4822.0  17.8084968435
4823.0  17.7808084442
4824.0  17.7556197972
4825.0  17.7202302378
4826.0  17.6822653906
4827.0  17.6604573057
4828.0  17.6433504045
4829.0  17.6090197404
4830.0  17.6032279895
4831.0  17.5916036795
4832.0  17.5823955132
4833.0  17.5589854212
4834.0  17.5497812038
4835.0  17.5435963947
4836.0  17.5195227276
4837.0  17.5085370424
4838.0  17.5027449774
4839.0  17.485180421
4840.0  17.4728798943
4841.0  17.4754323562
4842.0  17.4465644909
4843.0  17.4497176296
4844.0  17.4573631206
4845.0  17.4368080901
4846.0  17.4362105023
4847.0  17.4348851596
4848.0  17.4277429095
4849.0  17.4112734986
4850.0  17.4127147844
4851.0  17.3909156365
4852.0  17.3816195181
4853.0  17.3654782693
4854.0  17.3623215999
4855.0  17.3569247833
4856.0  17.3468352451
4857.0  17.3407149876
4858.0  17.3359642526
4859.0  17.3087873678
4860.0  17.3039886814
4861.0  17.3106836292
4862.0  17.3079309178
4863.0  17.3148647254
4864.0  17.3153798967
4865.0  17.3079794267
4866.0  17.3086288455
4867.0  17.3108626931
4868.0  17.3077094514
4869.0  17.2947169455
4870.0  17.2896495976
4871.0  17.2944949091
4872.0  17.2795807489
4873.0  17.2826898174
4874.0  17.2930881086
4875.0  17.2732317803
4876.0  17.2719837381
4877.0  17.2788610759
4878.0  17.2774925376
4879.0  17.277229291
4880.0  17.2692085118
4881.0  17.2713213228
4882.0  17.2690783269
4883.0  17.2767225542
4884.0  17.270418861
4885.0  17.2576880743
4886.0  17.257546025
4887.0  17.2558738565
4888.0  17.2519886686
4889.0  17.2432969639
4890.0  17.2306714677
4891.0  17.242217253
4892.0  17.2566794245
4893.0  17.25756331
4894.0  17.242006796
4895.0  17.2432235004
4896.0  17.25898334
4897.0  17.256637457
4898.0  17.2550076409
4899.0  17.2473298877
4900.0  17.2526023661
4901.0  17.2451537961
4902.0  17.2401620768
4903.0  17.2490861987
4904.0  17.2537908474
4905.0  17.2428355891
4906.0  17.240229938
4907.0  17.2387393301
4908.0  17.2417352958
4909.0  17.2460040359
4910.0  17.2471728789
4911.0  17.242148352
4912.0  17.2443241309
4913.0  17.2288072627
4914.0  17.23918528
4915.0  17.2289366297
4916.0  17.2356455728
4917.0  17.232516511
4918.0  17.2403234293
4919.0  17.2234736174
4920.0  17.2192613604
4921.0  17.2221652688
4922.0  17.228501701
4923.0  17.2244216655
4924.0  17.2245105247
4925.0  17.2325329924
4926.0  17.2481030258
4927.0  17.2434721976
4928.0  17.2370882805
4929.0  17.2459500239
4930.0  17.2500450133
4931.0  17.2443564877
4932.0  17.2249402394
4933.0  17.2299115504
4934.0  17.2251584494
4935.0  17.2250782755
4936.0  17.2424469527
4937.0  17.2335141987
4938.0  17.2297064805
4939.0  17.2274331313
4940.0  17.2363495754
4941.0  17.2383412172
4942.0  17.2397664279
4943.0  17.2487578479
4944.0  17.2378200656
4945.0  17.2391935629
4946.0  17.2558221535
4947.0  17.2368441682
4948.0  17.232372952
4949.0  17.2362611538
4950.0  17.246809938
4951.0  17.2473566705
4952.0  17.243991893
4953.0  17.2357555539
4954.0  17.2380210592
4955.0  17.2509045198
4956.0  17.2452868087
4957.0  17.2367281514
4958.0  17.2478986466
4959.0  17.2488288819
4960.0  17.2442014147
4961.0  17.2410493565
4962.0  17.2580319115
4963.0  17.2570517642
4964.0  17.2546812024
4965.0  17.2549045231
4966.0  17.2650615939
4967.0  17.2663318714
4968.0  17.2628348977
4969.0  17.2639144709
4970.0  17.2732899023
4971.0  17.2641890388
4972.0  17.2705424023
4973.0  17.2671057001
4974.0  17.2750950741
4975.0  17.2669670638
4976.0  17.2570087876
4977.0  17.2704827085
4978.0  17.2824454796
4979.0  17.27738783
4980.0  17.2653646757
4981.0  17.2738053649
4982.0  17.2693149616
4983.0  17.2703558819
4984.0  17.278319542
4985.0  17.2738972012
4986.0  17.2642048493
4987.0  17.2782014615
4988.0  17.2929100892
4989.0  17.2807806576
4990.0  17.2941079642
4991.0  17.3049886916
4992.0  17.2906316603
4993.0  17.2928799257
4994.0  17.320034254
4995.0  17.3167335907
4996.0  17.3100753491
4997.0  17.3086828339
4998.0  17.3274844487
4999.0  17.3181900553
5000.0  17.3123633807
5001.0  17.3221001048
5002.0  17.3108013414
5003.0  17.3243095589
5004.0  17.3174768967
5005.0  17.3356476446
5006.0  17.3316968408
5007.0  17.3224583247
5008.0  17.3328377106
5009.0  17.3395403032
5010.0  17.3420945632
5011.0  17.3444789361
5012.0  17.3417671039
5013.0  17.3537533852
5014.0  17.3602372247
5015.0  17.3486561921
5016.0  17.3602770981
5017.0  17.3749882917
5018.0  17.3776108478
5019.0  17.3815272894
5020.0  17.3835402217
5021.0  17.3917590353
5022.0  17.382001449
5023.0  17.3804006416
5024.0  17.3898318753
5025.0  17.3907468979
5026.0  17.4007869003
5027.0  17.4160757431
5028.0  17.4099433262
5029.0  17.4326963306
5030.0  17.4423719544
5031.0  17.4373853526
5032.0  17.4435263627
5033.0  17.4650563266
5034.0  17.4822836466
5035.0  17.4858615159
5036.0  17.4878024014
5037.0  17.5028434738
5038.0  17.495922146
5039.0  17.5019691777
5040.0  17.5072936394
5041.0  17.5151108492
5042.0  17.5370523857
5043.0  17.5517476306
5044.0  17.5728014508
5045.0  17.5766157364
5046.0  17.5893104023
5047.0  17.6095885207
5048.0  17.6446359156
5049.0  17.6521321255
5050.0  17.6878021713
5051.0  17.7031340018
5052.0  17.7242276095
5053.0  17.7603286067
5054.0  17.7943938304
5055.0  17.8317638745
5056.0  17.8843748697
5057.0  17.917929003
5058.0  17.9469745632
5059.0  17.9981866497
5060.0  18.035099117
5061.0  18.0914306094
5062.0  18.1344842577
5063.0  18.1769202771
5064.0  18.2408212131
5065.0  18.3105944833
5066.0  18.3806275961
5067.0  18.4713722489
5068.0  18.6102815356
5069.0  18.7476426511
5070.0  18.9023619554
5071.0  19.0251816025
5072.0  19.2039889847
5073.0  19.3991692221
5074.0  19.6662259293
5075.0  19.9455811872
5076.0  20.3161553553
5077.0  20.8774661729
5078.0  21.9905595054
5079.0  25.3299986361
5080.0  39.6759885609
5081.0  111.152935835
5082.0  379.242956159
5083.0  931.474842772
5084.0  1544.95555833
5085.0  1940.64834454
5086.0  2047.61493396
5087.0  1864.65956574
5088.0  1346.05323607
5089.0  709.153725679
5090.0  278.344790737
5091.0  92.0419057195
5092.0  38.2076575598
5093.0  25.7875404433
5094.0  22.3185894612
5095.0  20.984618975
5096.0  20.2258877322
5097.0  19.7272096433
5098.0  19.3645098188
5099.0  19.1114684198
5100.0  18.8747592915
5101.0  18.7111008421
5102.0  18.5554273312
5103.0  18.4470316844
5104.0  18.3365246586
5105.0  18.2530759093
5106.0  18.1885591037
5107.0  18.121399715
5108.0  18.0722694659
5109.0  18.0328704143
5110.0  17.997703298
5111.0  17.9558925688
5112.0  17.9298716215
5113.0  17.8985286016
5114.0  17.8644250499
5115.0  17.8575775987
5116.0  17.8228341179
5117.0  17.796366368
5118.0  17.7821280896
5119.0  17.7548692277
5120.0  17.7443805097
5121.0  17.7224284263
5122.0  17.7069352296
5123.0  17.6872178462
5124.0  17.6746555934
5125.0  17.6659394078
5126.0  17.6589421841
5127.0  17.6428167332
5128.0  17.6269047825
5129.0  17.6086014387
5130.0  17.5997736025
5131.0  17.5966953971
5132.0  17.5835726452
5133.0  17.569892642
5134.0  17.5602299063
5135.0  17.5366771628
5136.0  17.5405849132
5137.0  17.5388148958
5138.0  17.5171605568
5139.0  17.5250290592
5140.0  17.4975803426
5141.0  17.4966042931
5142.0  17.5004020712
5143.0  17.4826813965
5144.0  17.4712402554
5145.0  17.4613031372
5146.0  17.4639307376
5147.0  17.4731864924
5148.0  17.4870469346
5149.0  17.5699430334
5150.0  17.9802672512
5151.0  19.4341771188
5152.0  22.1751091537
5153.0  25.0196582751
5154.0  26.7083310206
5155.0  27.0711439132
5156.0  25.9071115325
5157.0  23.2939772133
5158.0  20.3414782754
5159.0  18.4790082906
5160.0  17.7318907689
5161.0  17.5175191177
5162.0  17.4451434472
5163.0  17.4071502045
5164.0  17.3915801368
5165.0  17.3760942033
5166.0  17.3775740127
5167.0  17.3717987485
5168.0  17.3567447527
5169.0  17.3443658334
5170.0  17.3310003805
5171.0  17.3350080821
5172.0  17.3252376299
5173.0  17.3323782211
5174.0  17.3412485027
5175.0  17.3533029775
5176.0  17.3576844273
5177.0  17.3562101156
5178.0  17.3429490777
5179.0  17.3407723088
5180.0  17.333378714
5181.0  17.3169769594
5182.0  17.3238141838
5183.0  17.3193440636
5184.0  17.3458991579
5185.0  17.3635817971
5186.0  17.3681716768
5187.0  17.3618158679
5188.0  17.3716349147
5189.0  17.3713756555
5190.0  17.3521198567
5191.0  17.3392895459
5192.0  17.3172314346
5193.0  17.3270118269
5194.0  17.316114701
5195.0  17.3243572804
5196.0  17.3205913433
5197.0  17.3091633984
5198.0  17.3036658829
5199.0  17.3068541109
5200.0  17.3072650524
5201.0  17.3122097375
5202.0  17.2904040478
5203.0  17.2970117926
5204.0  17.3049068072
5205.0  17.3037133267
5206.0  17.3058509212
5207.0  17.2961601544
5208.0  17.2933696502
5209.0  17.2952341321
5210.0  17.2931068894
5211.0  17.301878381
5212.0  17.3084083894
5213.0  17.2896048339
5214.0  17.292737246
5215.0  17.2833523557
5216.0  17.2824020664
5217.0  17.2906153709
5218.0  17.2961014361
5219.0  17.2991981143
5220.0  17.3075803174
5221.0  17.2976571797
5222.0  17.2895536852
5223.0  17.2832346656
5224.0  17.2895073723
5225.0  17.2813875552
5226.0  17.2759644573
5227.0  17.2667299396
5228.0  17.2820825662
5229.0  17.2934919776
5230.0  17.2750578843
5231.0  17.2839122986
5232.0  17.2854153765
5233.0  17.2861493499
5234.0  17.2761706882
5235.0  17.2709144849
5236.0  17.2764227108
5237.0  17.2878513767
5238.0  17.2914890554
5239.0  17.2852220749
5240.0  17.281394454
5241.0  17.2871580587
5242.0  17.2842792222
5243.0  17.2859757351
5244.0  17.284129902
5245.0  17.2706035792
5246.0  17.2835708466
5247.0  17.2835047036
5248.0  17.2758754515
5249.0  17.2751802481
5250.0  17.2798482418
5251.0  17.2758949295
5252.0  17.2713752863
5253.0  17.2890901652
5254.0  17.2801426429
5255.0  17.2660079536
5256.0  17.279195289
5257.0  17.275144386
5258.0  17.2855020828
5259.0  17.2798844486
5260.0  17.2719026023
5261.0  17.2826277244
5262.0  17.2731555763
5263.0  17.2577088218
5264.0  17.2639322465
5265.0  17.2475630286
5266.0  17.2437900669
5267.0  17.2526213825
5268.0  17.2553058427
5269.0  17.245986734
5270.0  17.2551192542
5271.0  17.2489040375
5272.0  17.2450987714
5273.0  17.253543904
5274.0  17.2530904686
5275.0  17.2667547572
5276.0  17.268650446
5277.0  17.2725117517
5278.0  17.2699914281
5279.0  17.2711154323
5280.0  17.2650989121
5281.0  17.2687453334
5282.0  17.2696541225
5283.0  17.2641214666
5284.0  17.2840116956
5285.0  17.29422367
5286.0  17.2925297658
5287.0  17.2919418536
5288.0  17.3044215321
5289.0  17.3016144199
5290.0  17.3084651289
5291.0  17.3038371875
5292.0  17.2865525874
5293.0  17.2633516923
5294.0  17.2680674478
5295.0  17.2651012013
5296.0  17.2679885953
5297.0  17.2590113104
5298.0  17.2631977881
5299.0  17.2712707511
5300.0  17.2621777626
5301.0  17.2616640472
5302.0  17.2661970162
5303.0  17.2827020007
5304.0  17.27087605
5305.0  17.2710909059
5306.0  17.2674538477
5307.0  17.2569378326
5308.0  17.2545289344
5309.0  17.2524859773
5310.0  17.2710312421
5311.0  17.2662352323
5312.0  17.2708205135
5313.0  17.2747868222
5314.0  17.2589231171
5315.0  17.274098532
5316.0  17.2783838247
5317.0  17.260119403
5318.0  17.2656312236
5319.0  17.2791316527
5320.0  17.2746145772
5321.0  17.2697961973
5322.0  17.2678074855
5323.0  17.2803209711
5324.0  17.2640452785
5325.0  17.2571233234
5326.0  17.2471223116
5327.0  17.2415580654
5328.0  17.2541044079
5329.0  17.258571386
5330.0  17.2585259935
5331.0  17.2727622277
5332.0  17.2817787475
5333.0  17.2961966601
5334.0  17.2997269178
5335.0  17.3147982011
5336.0  17.3410281509
5337.0  17.3800310775
5338.0  17.4063247077
5339.0  17.4260923991
5340.0  17.4408501682
5341.0  17.4117449865
5342.0  17.4043509376
5343.0  17.3962810345
5344.0  17.368677811
5345.0  17.3425737697
5346.0  17.3197414312
5347.0  17.3007212273
5348.0  17.2975891583
5349.0  17.2962305946
5350.0  17.2948918339
5351.0  17.2943135613
5352.0  17.2949965426
5353.0  17.2900865324
5354.0  17.3001775148
5355.0  17.2950537251
5356.0  17.2995381188
5357.0  17.2985315549
5358.0  17.2950721797
5359.0  17.3074462478
5360.0  17.2966512047
5361.0  17.3064784684
5362.0  17.2987260845
5363.0  17.290031076
5364.0  17.2988839879
5365.0  17.2893025109
5366.0  17.2886578651
5367.0  17.2864611297
5368.0  17.2847240535
5369.0  17.2893558139
5370.0  17.2834061185
5371.0  17.2906918143
5372.0  17.2949080374
5373.0  17.2954877891
5374.0  17.3137268311
5375.0  17.3160026775
5376.0  17.3381618379
5377.0  17.3759038482
5378.0  17.3791697598
5379.0  17.3817815884
5380.0  17.3533199779
5381.0  17.3347763422
5382.0  17.3149773889
5383.0  17.3044895324
5384.0  17.3148723964
5385.0  17.3056010035
5386.0  17.2952671337
5387.0  17.2939669589
5388.0  17.3041126217
5389.0  17.3044430638
5390.0  17.3085574902
5391.0  17.2957321656
5392.0  17.2990986587
5393.0  17.2899365773
5394.0  17.2954648153
5395.0  17.2926389893
5396.0  17.3014325351
5397.0  17.3085901847
5398.0  17.296163793
5399.0  17.2923678469
5400.0  17.284719832
5401.0  17.2988651301
5402.0  17.2933102389
5403.0  17.2931722366
5404.0  17.2842106149
5405.0  17.2855996968
5406.0  17.2870044082
5407.0  17.2940241364
5408.0  17.2956108155
5409.0  17.31106931
5410.0  17.2995776961
5411.0  17.2909668598
5412.0  17.3082108229
5413.0  17.2977504152
5414.0  17.3005534818
5415.0  17.308532562
5416.0  17.310304246
5417.0  17.3151528473
5418.0  17.3150703486
5419.0  17.3146907275
5420.0  17.3020242656
5421.0  17.3182766998
5422.0  17.3101828251
5423.0  17.3081604157
5424.0  17.3063701354
5425.0  17.3209574311
5426.0  17.3057202109
5427.0  17.3131049613
5428.0  17.3091083254
5429.0  17.3070910265
5430.0  17.2936553743
5431.0  17.3077350993
5432.0  17.307969018
5433.0  17.301968368
5434.0  17.3062723845
5435.0  17.3206742736
5436.0  17.3181374594
5437.0  17.3202634187
5438.0  17.3165749508
5439.0  17.3293127505
5440.0  17.3259041849
5441.0  17.3340381862
5442.0  17.330198943
5443.0  17.3282323174
5444.0  17.3259217605
5445.0  17.3293219177
5446.0  17.2979905081
5447.0  17.3121638655
5448.0  17.3241876631
5449.0  17.3235365204
5450.0  17.3140741627
5451.0  17.3297682301
5452.0  17.3415584123
5453.0  17.3304599983
5454.0  17.3177824788
5455.0  17.3163049636
5456.0  17.3273083601
5457.0  17.3325350599
5458.0  17.3236073998
5459.0  17.3357434324
5460.0  17.3380311208
5461.0  17.3319765426
5462.0  17.3225472627
5463.0  17.3225407391
5464.0  17.3252806569
5465.0  17.3273106553
5466.0  17.3299429301
5467.0  17.3361662846
5468.0  17.3364129059
5469.0  17.3329012466
5470.0  17.3374603951
5471.0  17.3444636885
5472.0  17.3416756071
5473.0  17.3312702343
5474.0  17.3419104981
5475.0  17.3440210712
5476.0  17.3278885011
5477.0  17.341436306
5478.0  17.3320348808
5479.0  17.3339117275
5480.0  17.3457499813
5481.0  17.3424585072
5482.0  17.3431786904
5483.0  17.3586064287
5484.0  17.3418677337
5485.0  17.3444287079
5486.0  17.3426727672
5487.0  17.3604464829
5488.0  17.3448401067
5489.0  17.3527305751
5490.0  17.3532715769
5491.0  17.3524867845
5492.0  17.3565726456
5493.0  17.3597552947
5494.0  17.3613881665
5495.0  17.3590754541
5496.0  17.3647749567
5497.0  17.3616729394
5498.0  17.361169265
5499.0  17.3629017496
5500.0  17.3715904112
5501.0  17.364349809
5502.0  17.3497317283
5503.0  17.3549846377
5504.0  17.3588674508
5505.0  17.3683735888
5506.0  17.3632964007
5507.0  17.3625364424
5508.0  17.3614749453
5509.0  17.3655602024
5510.0  17.3702904905
5511.0  17.363497633
5512.0  17.3595103622
5513.0  17.3739383468
5514.0  17.3618361068
5515.0  17.3660899949
5516.0  17.3715712719
5517.0  17.3715192488
5518.0  17.3738467163
5519.0  17.3804224426
5520.0  17.3896946918
5521.0  17.3825251962
5522.0  17.3820386802
5523.0  17.3741886618
5524.0  17.3739177527
5525.0  17.3625793599
5526.0  17.3578547416
5527.0  17.3559024689
5528.0  17.3557033342
5529.0  17.3552684689
5530.0  17.3688154862
5531.0  17.366832373
5532.0  17.3723672423
5533.0  17.3839795427
5534.0  17.388077126
5535.0  17.3943116507
5536.0  17.3809138514
5537.0  17.3814804325
5538.0  17.3853434864
5539.0  17.395288476
5540.0  17.389314496
5541.0  17.3823637209
5542.0  17.3829574152
5543.0  17.3872589364
5544.0  17.3918177275
5545.0  17.3781967364
5546.0  17.3977958011
5547.0  17.3997872469
5548.0  17.3848359105
5549.0  17.3986268941
5550.0  17.4102672266
5551.0  17.415641966
5552.0  17.4038194286
5553.0  17.3888906996
5554.0  17.3817476175
5555.0  17.3917224961
5556.0  17.3875159784
5557.0  17.3955612585
5558.0  17.3990848792
5559.0  17.4016227852
5560.0  17.4072027783
5561.0  17.3956087507
5562.0  17.3975036098
5563.0  17.4073852278
5564.0  17.4082649572
5565.0  17.4055994667
5566.0  17.4029279761
5567.0  17.399683189
5568.0  17.406208994
5569.0  17.3984015966
5570.0  17.3866485419
5571.0  17.4000798367
5572.0  17.38910836
5573.0  17.38932103
5574.0  17.3944797758
5575.0  17.4142779691
5576.0  17.4087679457
5577.0  17.410098751
5578.0  17.4227119294
5579.0  17.4152328098
5580.0  17.413373203
5581.0  17.4129974059
5582.0  17.4073340693
5583.0  17.4136026253
5584.0  17.4198481604
5585.0  17.4058606785
5586.0  17.3961032228
5587.0  17.3906416068
5588.0  17.3830963207
5589.0  17.3820434146
5590.0  17.3894139896
5591.0  17.396804115
5592.0  17.3951752208
5593.0  17.4062411482
5594.0  17.4276254651
5595.0  17.446524027
5596.0  17.5029971397
5597.0  17.5836042306
5598.0  17.6491447996
5599.0  17.6789408572
5600.0  17.6821322927
5601.0  17.6406462666
5602.0  17.5918446254
5603.0  17.5527098971
5604.0  17.5528117035
5605.0  17.5799567837
5606.0  17.5786434313
5607.0  17.5619530965
5608.0  17.5321013204
5609.0  17.4941470027
5610.0  17.463018939
5611.0  17.4566914993
5612.0  17.4354656511
5613.0  17.4271509074
5614.0  17.4098976306
5615.0  17.4069056681
5616.0  17.4094208758
5617.0  17.3953847122
5618.0  17.4119887761
5619.0  17.40647224
5620.0  17.4170260249
5621.0  17.43240461
5622.0  17.4329347681
5623.0  17.422236495
5624.0  17.4279728887
5625.0  17.4245216035
5626.0  17.4250473204
5627.0  17.4348271894
5628.0  17.4476822317
5629.0  17.4390044317
5630.0  17.4457753851
5631.0  17.4488274739
5632.0  17.4373522742
5633.0  17.433295219
5634.0  17.4334608189
5635.0  17.4304476389
5636.0  17.4246684766
5637.0  17.4220425224
5638.0  17.4331391441
5639.0  17.438906006
5640.0  17.4285255016
5641.0  17.4264577427
5642.0  17.4400032681
5643.0  17.4342901574
5644.0  17.4352016367
5645.0  17.446456042
5646.0  17.4454689486
5647.0  17.4492031272
5648.0  17.4597568031
5649.0  17.4388555244
5650.0  17.4312861654
5651.0  17.4378558759
5652.0  17.4460215984
5653.0  17.4362151517
5654.0  17.4422093368
5655.0  17.4325966001
5656.0  17.4316584426
5657.0  17.4257055094
5658.0  17.4136592168
5659.0  17.4223707493
5660.0  17.4259799492
5661.0  17.420829874
5662.0  17.4287796384
5663.0  17.436191496
5664.0  17.4332148568
5665.0  17.4354301979
5666.0  17.4363054231
5667.0  17.4344284077
5668.0  17.4420597876
5669.0  17.4344457731
5670.0  17.4444362712
5671.0  17.4491959477
5672.0  17.4310862244
5673.0  17.4447932889
5674.0  17.4459816133
5675.0  17.4522791434
5676.0  17.445498592
5677.0  17.4408775892
5678.0  17.4396496307
5679.0  17.4516943179
5680.0  17.4454433459
5681.0  17.4408914226
5682.0  17.4272465775
5683.0  17.4359042103
5684.0  17.4288372981
5685.0  17.4165213748
5686.0  17.4174991269
5687.0  17.4095694296
5688.0  17.4172989649
5689.0  17.4172289933
5690.0  17.4138444614
5691.0  17.412593033
5692.0  17.4231424393
5693.0  17.4307561413
5694.0  17.428351523
5695.0  17.4252163137
5696.0  17.4277314834
5697.0  17.4292329465
5698.0  17.4345241507
5699.0  17.4359451743
5700.0  17.4329871036
5701.0  17.4396918931
5702.0  17.4430607016
5703.0  17.4363237473
5704.0  17.4399787757
5705.0  17.4344859743
5706.0  17.435413181
5707.0  17.4342114914
5708.0  17.4241257242
5709.0  17.4220084149
5710.0  17.4147121997
5711.0  17.4277472052
5712.0  17.4429308425
5713.0  17.4500870268
5714.0  17.4462219892
5715.0  17.4561173742
5716.0  17.4508970127
5717.0  17.4479762714
5718.0  17.452261861
5719.0  17.4674599126
5720.0  17.45502358
5721.0  17.4404233034
5722.0  17.4327110124
5723.0  17.4383031259
5724.0  17.4528857833
5725.0  17.4575156666
5726.0  17.4537509238
5727.0  17.4428324802
5728.0  17.4513291466
5729.0  17.4478910374
5730.0  17.4470915281
5731.0  17.4530801884
5732.0  17.4591389123
5733.0  17.4648320194
5734.0  17.4591984312
5735.0  17.4589209449
5736.0  17.4650561408
5737.0  17.465144794
5738.0  17.4504133949
5739.0  17.4503384866
5740.0  17.4647511734
5741.0  17.4647711876
5742.0  17.4609911473
5743.0  17.4533416141
5744.0  17.446141972
5745.0  17.4549560678
5746.0  17.4545213028
5747.0  17.4493558771
5748.0  17.4501085658
5749.0  17.4687595179
5750.0  17.4585214726
5751.0  17.4581929578
5752.0  17.4437873224
5753.0  17.4569658252
5754.0  17.4468333843
5755.0  17.4378494461
5756.0  17.4604025848
5757.0  17.4595604028
5758.0  17.4764400779
5759.0  17.4630190227
5760.0  17.4537031145
5761.0  17.463475127
5762.0  17.463286423
5763.0  17.4676860193
5764.0  17.457210683
5765.0  17.475655714
5766.0  17.4782270564
5767.0  17.4750372776
5768.0  17.4745209971
5769.0  17.4766036564
5770.0  17.4761911075
5771.0  17.4733532012
5772.0  17.4775807207
5773.0  17.4838741559
5774.0  17.4817981748
5775.0  17.4925821265
5776.0  17.4748707455
5777.0  17.4832371571
5778.0  17.4888209172
5779.0  17.4905452735
5780.0  17.4625285002
5781.0  17.4575844482
5782.0  17.4805112971
5783.0  17.4861108923
5784.0  17.485939506
5785.0  17.4969757454
5786.0  17.4907103647
5787.0  17.4837009896
5788.0  17.4955492369
5789.0  17.4960696653
5790.0  17.5025394107
5791.0  17.5018889771
5792.0  17.4960346959
5793.0  17.5050423542
5794.0  17.5097272776
5795.0  17.514079953
5796.0  17.5101579846
5797.0  17.5241355453
5798.0  17.5223004753
5799.0  17.5247730837
5800.0  17.535610465
5801.0  17.5450154361
5802.0  17.5301507476
5803.0  17.540801283
5804.0  17.5457662147
5805.0  17.547991093
5806.0  17.5484509907
5807.0  17.5418789086
5808.0  17.5402350037
5809.0  17.5568849844
5810.0  17.5524635298
5811.0  17.5628434136
5812.0  17.5623689267
5813.0  17.5641239879
5814.0  17.5543507566
5815.0  17.5651165254
5816.0  17.5656172045
5817.0  17.5736782068
5818.0  17.5736924709
5819.0  17.5657969701
5820.0  17.5930966187
5821.0  17.5953993574
5822.0  17.5981999435
5823.0  17.5836592848
5824.0  17.5832081999
5825.0  17.5933986745
5826.0  17.5968035951
5827.0  17.5995922812
5828.0  17.6150571493
5829.0  17.5936189807
5830.0  17.5867131931
5831.0  17.5970469951
5832.0  17.6002742536
5833.0  17.6000940784
5834.0  17.6018731272
5835.0  17.6006420011
5836.0  17.6105663993
5837.0  17.6198248698
5838.0  17.6225559224
5839.0  17.6391079276
5840.0  17.6177829569
5841.0  17.613983791
5842.0  17.6218207165
5843.0  17.6157408438
5844.0  17.6224049413
5845.0  17.6334106618
5846.0  17.6420950919
5847.0  17.6173299345
5848.0  17.6050677012
5849.0  17.6519364995
5850.0  17.682753194
5851.0  17.7164800327
5852.0  17.7387236441
5853.0  17.7513342064
5854.0  17.7391404134
5855.0  17.6858285348
5856.0  17.642946745
5857.0  17.6213847157
5858.0  17.6158127953
5859.0  17.6198556868
5860.0  17.6170905194
5861.0  17.609128349
5862.0  17.6240793455
5863.0  17.6363922117
5864.0  17.6398748343
5865.0  17.6196212126
5866.0  17.6240677609
5867.0  17.6161120903
5868.0  17.6099628795
5869.0  17.6196238772
5870.0  17.6183023685
5871.0  17.6243023785
5872.0  17.6328848475
5873.0  17.6391134233
5874.0  17.6222296672
5875.0  17.6240310661
5876.0  17.6138516772
5877.0  17.6246931081
5878.0  17.6066277142
5879.0  17.6129668707
5880.0  17.6090766085
5881.0  17.624341017
5882.0  17.608340635
5883.0  17.6043886093
5884.0  17.5927375852
5885.0  17.5721554714
5886.0  17.545002332
5887.0  17.5463949814
5888.0  17.5036535798
5889.0  17.4713348794
5890.0  17.4736352174
5891.0  17.4718823383
5892.0  17.4978239026
5893.0  17.5074519969
5894.0  17.5125081868
5895.0  17.5176163417
5896.0  17.5143099914
5897.0  17.5090183837
5898.0  17.5190354557
5899.0  17.5120264197
5900.0  17.5093152751
5901.0  17.5302373637
5902.0  17.5464588046
5903.0  17.5601100562
5904.0  17.5727100555
5905.0  17.595039485
5906.0  17.5906311996
5907.0  17.5770943265
5908.0  17.5681263823
5909.0  17.5572067408
5910.0  17.5588378356
5911.0  17.5738422812
5912.0  17.5777173988
5913.0  17.5861953748
5914.0  17.5682346787
5915.0  17.5700480108
5916.0  17.5730323292
5917.0  17.5551017503
5918.0  17.5542445436
5919.0  17.5495697191
5920.0  17.5454513185
5921.0  17.5430488335
5922.0  17.5580700884
5923.0  17.5654019839
5924.0  17.5691182346
5925.0  17.5631240085
5926.0  17.5770676233
5927.0  17.6015986548
5928.0  17.6058781723
5929.0  17.5991315269
5930.0  17.61627596
5931.0  17.6073417552
5932.0  17.5978171507
5933.0  17.598377192
5934.0  17.62241714
5935.0  17.6303588327
5936.0  17.6386275525
5937.0  17.6328942912
5938.0  17.6163006028
5939.0  17.626010201
5940.0  17.6015245744
5941.0  17.6172089588
5942.0  17.650346886
5943.0  17.7020575424
5944.0  17.7689425341
5945.0  17.8158924472
5946.0  17.7843826163
5947.0  17.729283741
5948.0  17.6501484607
5949.0  17.6016455988
5950.0  17.5752537206
5951.0  17.5824695747
5952.0  17.6140283947
5953.0  17.6269661026
5954.0  17.6366491798
5955.0  17.6278764036
5956.0  17.6098373022
5957.0  17.6177771648
5958.0  17.6152117783
5959.0  17.6288275356
5960.0  17.6364913616
5961.0  17.6461670272
5962.0  17.6520973522
5963.0  17.6668871848
5964.0  17.6740753828
5965.0  17.652800325
5966.0  17.6265250962
5967.0  17.6209630256
5968.0  17.6133487801
5969.0  17.6088441111
5970.0  17.6082831928
5971.0  17.6277461882
5972.0  17.6700469126
5973.0  17.7050848393
5974.0  17.7271584542
5975.0  17.7338340222
5976.0  17.7252833064
5977.0  17.7276390638
5978.0  17.6927562441
5979.0  17.6763197494
5980.0  17.6619825996
5981.0  17.6708888637
5982.0  17.6812929874
5983.0  17.6604103806
5984.0  17.6612000021
5985.0  17.6573993405
5986.0  17.673187592
5987.0  17.6600233304
5988.0  17.6580870322
5989.0  17.6533235082
5990.0  17.6664173061
5991.0  17.6661332274
5992.0  17.6757118956
5993.0  17.6733352355
5994.0  17.6805101544
5995.0  17.6928900421
5996.0  17.6928030455
5997.0  17.6870814611
5998.0  17.689895979
5999.0  17.6724088302
6000.0  17.6719175447
6001.0  17.6922450711
6002.0  17.6971332988
6003.0  17.681564831
6004.0  17.6832661416
6005.0  17.688112522
6006.0  17.7028655289
6007.0  17.69226392
6008.0  17.6869876466
6009.0  17.6842474773
6010.0  17.7114148197
6011.0  17.7023492016
6012.0  17.705525745
6013.0  17.7135191685
6014.0  17.6885818965
6015.0  17.6962573592
6016.0  17.713539834
6017.0  17.7067510936
6018.0  17.7087118843
6019.0  17.7241478292
6020.0  17.6990384838
6021.0  17.7010131146
6022.0  17.7079891804
6023.0  17.7161568167
6024.0  17.7223144791
6025.0  17.7120181668
6026.0  17.7393738918
6027.0  17.7809899726
6028.0  17.8388123442
6029.0  17.8898252737
6030.0  17.9344475469
6031.0  17.9305037652
6032.0  17.8920738813
6033.0  17.8604175448
6034.0  17.8119150159
6035.0  17.792715235
6036.0  17.7693409618
6037.0  17.7617451589
6038.0  17.7556458948
6039.0  17.7616268492
6040.0  17.7713969264
6041.0  17.7672651369
6042.0  17.7514786622
6043.0  17.7719013604
6044.0  17.7703699744
6045.0  17.7724683759
6046.0  17.7612941239
6047.0  17.7799618287
6048.0  17.7830211812
6049.0  17.7809217835
6050.0  17.7941003267
6051.0  17.7783424558
6052.0  17.7835931449
6053.0  17.7995227838
6054.0  17.7949887015
6055.0  17.7633365893
6056.0  17.7590075498
6057.0  17.7700785544
6058.0  17.7692962888
6059.0  17.7815883389
6060.0  17.7886862833
6061.0  17.7897927527
6062.0  17.782498874
6063.0  17.7896351366
6064.0  17.7880422699
6065.0  17.7774650525
6066.0  17.7980240898
6067.0  17.7938875923
6068.0  17.8002188308
6069.0  17.8060124726
6070.0  17.8373110378
6071.0  17.9565623564
6072.0  18.1227288044
6073.0  18.2767234857
6074.0  18.3929535964
6075.0  18.4166647606
6076.0  18.3177679484
6077.0  18.1516824225
6078.0  17.9969767457
6079.0  17.8780343388
6080.0  17.8134822411
6081.0  17.8043421326
6082.0  17.8107650441
6083.0  17.8137318298
6084.0  17.8052854156
6085.0  17.8099512178
6086.0  17.8005031512
6087.0  17.8123737826
6088.0  17.81738246
6089.0  17.824107808
6090.0  17.820736439
6091.0  17.8408135016
6092.0  17.9181630186
6093.0  18.1004622795
6094.0  18.4111879552
6095.0  18.7547377639
6096.0  19.0577963648
6097.0  19.3111310956
6098.0  19.3960444503
6099.0  19.2807795695
6100.0  19.0082232213
6101.0  18.6993111257
6102.0  18.3939129424
6103.0  18.1048801568
6104.0  17.937833114
6105.0  17.8655775574
6106.0  17.8661851453
6107.0  17.8737368782
6108.0  17.9364930814
6109.0  18.0493064731
6110.0  18.1642067988
6111.0  18.2565983414
6112.0  18.2929729986
6113.0  18.2881503041
6114.0  18.2059461609
6115.0  18.1256666436
6116.0  18.0506759955
6117.0  18.0002836637
6118.0  17.9753348891
6119.0  17.9292345352
6120.0  17.8955547366
6121.0  17.871326527
6122.0  17.85011924
6123.0  17.8444940742
6124.0  17.8455122938
6125.0  17.8715987694
6126.0  17.884943397
6127.0  17.8936566693
6128.0  17.9154081278
6129.0  17.9243286516
6130.0  17.9076959326
6131.0  17.898711943
6132.0  17.8939648719
6133.0  17.8840424887
6134.0  17.8804400924
6135.0  17.8783560968
6136.0  17.8591507224
6137.0  17.8594405361
6138.0  17.9190965739
6139.0  18.0930876642
6140.0  18.4621542271
6141.0  19.019498782
6142.0  19.5663814997
6143.0  19.8063856059
6144.0  19.7198091996
6145.0  19.3932662793
6146.0  18.8503966368
6147.0  18.3318537264
6148.0  18.0410092837
6149.0  17.9390160843
6150.0  17.9174774561
6151.0  17.8981071646
6152.0  17.9130819059
6153.0  17.9073226342
6154.0  17.904822877
6155.0  17.9006683312
6156.0  17.8841012686
6157.0  17.8974153441
6158.0  17.8855266565
6159.0  17.9109217036
6160.0  17.9772023028
6161.0  18.1443440243
6162.0  18.3268972569
6163.0  18.469402985
6164.0  18.5106864313
6165.0  18.4622642721
6166.0  18.3302680527
6167.0  18.1308785104
6168.0  17.9853617335
6169.0  17.9134485286
6170.0  17.8949429087
6171.0  17.901861663
6172.0  17.9179976947
6173.0  17.9108516573
6174.0  17.9227855159
6175.0  17.9305348268
6176.0  17.9323774734
6177.0  17.9217792577
6178.0  17.9351943493
6179.0  17.9238859408
6180.0  17.9339561095
6181.0  17.9249253426
6182.0  17.9356364625
6183.0  17.938019852
6184.0  17.940448811
6185.0  17.9477175453
6186.0  17.949604309
6187.0  17.9230749731
6188.0  17.9187844471
6189.0  17.9329436633
6190.0  17.9291782987
6191.0  17.9326068187
6192.0  17.9313060491
6193.0  17.9108295526
6194.0  17.9291598474
6195.0  17.977405402
6196.0  17.9999669678
6197.0  18.0280602056
6198.0  18.0411664819
6199.0  18.0424487377
6200.0  18.0169837561
6201.0  17.9955980717
6202.0  17.971116671
6203.0  17.9596376495
6204.0  17.9708396586
6205.0  17.968843573
6206.0  17.9816545865
6207.0  17.9710328668
6208.0  17.9700053582
6209.0  17.97419357
6210.0  17.9562502721
6211.0  17.9422434983
6212.0  17.9504575214
6213.0  17.9896634822
6214.0  18.1124644779
6215.0  18.3089308103
6216.0  18.501733797
6217.0  18.6202852187
6218.0  18.6069269402
6219.0  18.516163505
6220.0  18.3501194422
6221.0  18.1754911171
6222.0  18.0392874785
6223.0  17.9859999137
6224.0  17.9763063294
6225.0  17.9612178161
6226.0  17.9633363032
6227.0  17.979195836
6228.0  17.9616930378
6229.0  17.9501297421
6230.0  17.9380008519
6231.0  17.9352929762
6232.0  17.9367093404
6233.0  17.9504546858
6234.0  17.9543328065
6235.0  17.9606076964
6236.0  17.9617227058
6237.0  17.9785823622
6238.0  17.9748148419
6239.0  17.9573692209
6240.0  17.9461054746
6241.0  17.9526125954
6242.0  17.9575769516
6243.0  17.953361648
6244.0  17.9558329121
6245.0  17.9580765792
6246.0  17.9491037425
6247.0  17.952321474
6248.0  17.9578332739
6249.0  17.9760329962
6250.0  17.9567964618
6251.0  17.9479002976
6252.0  17.9515137977
6253.0  17.9503432321
6254.0  17.9364827992
6255.0  17.9393279638
6256.0  17.9532753903
6257.0  17.9514773517
6258.0  17.9554604181
6259.0  17.9468262176
6260.0  17.9550807899
6261.0  17.9841646058
6262.0  18.0606968206
6263.0  18.2680108908
6264.0  18.6363377346
6265.0  19.0845180606
6266.0  19.3914762031
6267.0  19.4328920818
6268.0  19.2363985958
6269.0  18.9101232693
6270.0  18.4948549469
6271.0  18.1682005268
6272.0  18.0363388937
6273.0  17.9807500983
6274.0  17.9619482211
6275.0  17.9381378665
6276.0  17.875977652
6277.0  17.8269431076
6278.0  17.7853261368
6279.0  17.7788757527
6280.0  17.7973586335
6281.0  17.8198743
6282.0  17.8467834482
6283.0  17.884705827
6284.0  17.9035296966
6285.0  17.9328829267
6286.0  17.9460143545
6287.0  17.9728275707
6288.0  17.9507863768
6289.0  17.9670809502
6290.0  17.9472215606
6291.0  17.9251241578
6292.0  17.9211940283
6293.0  17.9299952505
6294.0  17.943167011
6295.0  17.9389622848
6296.0  17.932296343
6297.0  17.9511116464
6298.0  17.951787736
6299.0  17.9429777852
6300.0  17.9551781209
6301.0  18.0284505414
6302.0  18.1701541814
6303.0  18.3641801158
6304.0  18.5260257033
6305.0  18.5545382009
6306.0  18.5426326098
6307.0  18.4475664982
6308.0  18.2596337538
6309.0  18.1052876063
6310.0  18.0385613459
6311.0  18.0215264665
6312.0  18.0036639951
6313.0  17.9823211074
6314.0  17.9974888123
6315.0  17.9759627727
6316.0  17.983964239
6317.0  17.9759243482
6318.0  17.9630111932
6319.0  17.9870233027
6320.0  18.0903323186
6321.0  18.4950093493
6322.0  19.4589458534
6323.0  20.9663480946
6324.0  22.5323151695
6325.0  23.3763649862
6326.0  23.359324395
6327.0  22.7246317927
6328.0  21.6805015672
6329.0  20.4654056716
6330.0  19.7647619344
6331.0  19.7070434343
6332.0  19.910544237
6333.0  20.1352779059
6334.0  20.1724720474
6335.0  20.0382514796
6336.0  19.696965425
6337.0  19.2149062491
6338.0  18.6740956165
6339.0  18.2890847105
6340.0  18.1494508172
6341.0  18.106566303
6342.0  18.1011673951
6343.0  18.1114391695
6344.0  18.0982539545
6345.0  18.0751114234
6346.0  18.0897193452
6347.0  18.1004167529
6348.0  18.107232395
6349.0  18.1121877584
6350.0  18.1349908395
6351.0  18.1194223483
6352.0  18.1268085096
6353.0  18.1375451403
6354.0  18.1248109733
6355.0  18.1306507785
6356.0  18.1247495185
6357.0  18.1198215525
6358.0  18.1330444009
6359.0  18.1268955257
6360.0  18.112287999
6361.0  18.1191060421
6362.0  18.118127594
6363.0  18.1148647047
6364.0  18.1389038064
6365.0  18.1681664885
6366.0  18.1701112875
6367.0  18.1804178269
6368.0  18.1744021578
6369.0  18.1717778038
6370.0  18.1785402595
6371.0  18.2036873297
6372.0  18.1979002072
6373.0  18.22019707
6374.0  18.2069932499
6375.0  18.2253478385
6376.0  18.2330568128
6377.0  18.255683365
6378.0  18.3107926328
6379.0  18.5565510706
6380.0  19.0755991552
6381.0  19.8085567457
6382.0  20.5097087912
6383.0  20.7652411651
6384.0  20.6463064927
6385.0  20.2155312167
6386.0  19.4992889929
6387.0  18.8240347849
6388.0  18.4652980869
6389.0  18.3306467275
6390.0  18.294376083
6391.0  18.3074005216
6392.0  18.2946200643
6393.0  18.2863975615
6394.0  18.298096296
6395.0  18.3223584285
6396.0  18.33372612
6397.0  18.4034348512
6398.0  18.6917965666
6399.0  19.3693433153
6400.0  20.4733254282
6401.0  21.6720991022
6402.0  22.3254775501
6403.0  22.284892769
6404.0  21.6868452173
6405.0  20.6529458856
6406.0  19.4717593203
6407.0  18.7299634638
6408.0  18.500192197
6409.0  18.4513685407
6410.0  18.4462436578
6411.0  18.4574033126
6412.0  18.4577522814
6413.0  18.4879356035
6414.0  18.4819114651
6415.0  18.4903004814
6416.0  18.5309751576
6417.0  18.5647810468
6418.0  18.5804591673
6419.0  18.6074216863
6420.0  18.6434742483
6421.0  18.687139196
6422.0  18.7488848742
6423.0  18.8101350292
6424.0  18.8786780798
6425.0  18.9775275907
6426.0  19.095000064
6427.0  19.2122514984
6428.0  19.3732051837
6429.0  19.6185948603
6430.0  19.9975188392
6431.0  20.7631787163
6432.0  23.3967092062
6433.0  35.5244040595
6434.0  85.9160422409
6435.0  225.190074623
6436.0  461.890953675
6437.0  734.401117611
6438.0  909.649677912
6439.0  923.127308562
6440.0  802.804037702
6441.0  577.518641652
6442.0  306.877472899
6443.0  109.077842279
6444.0  39.9373597619
6445.0  24.9293883187
6446.0  21.5660394453
6447.0  20.4968724799
6448.0  20.0033421782
6449.0  19.665058
6450.0  19.4309917651
6451.0  19.2606955616
6452.0  19.1256948452
6453.0  19.0190362995
6454.0  18.8926219705
6455.0  18.8116658332
6456.0  18.7545721791
6457.0  18.7026661994
6458.0  18.6501533281
6459.0  18.6105413154
6460.0  18.5653499624
6461.0  18.5109859757
6462.0  18.4803928081
6463.0  18.458773922
6464.0  18.4573563981
6465.0  18.4296918648
6466.0  18.4211533176
6467.0  18.4078449153
6468.0  18.3791969424
6469.0  18.3618974421
6470.0  18.346044831
6471.0  18.3212224124
6472.0  18.3182161644
6473.0  18.2933961793
6474.0  18.26000348
6475.0  18.2548110613
6476.0  18.2503798147
6477.0  18.2448459989
6478.0  18.260821063
6479.0  18.2526391366
6480.0  18.2567118042
6481.0  18.2477177361
6482.0  18.2413227538
6483.0  18.2201285012
6484.0  18.2094420766
6485.0  18.2198597159
6486.0  18.2213619831
6487.0  18.2306074737
6488.0  18.2503916683
6489.0  18.2663122469
6490.0  18.2494737595
6491.0  18.2437039622
6492.0  18.2003193489
6493.0  18.1815875071
6494.0  18.1615586116
6495.0  18.1563813877
6496.0  18.1510656589
6497.0  18.1902661817
6498.0  18.2118051901
6499.0  18.2534593721
6500.0  18.2856524286
6501.0  18.3241086119
6502.0  18.4716911649
6503.0  18.8228500909
6504.0  19.4440806338
6505.0  20.2343758257
6506.0  20.777137696
6507.0  20.8554723935
6508.0  20.5528570348
6509.0  19.948265098
6510.0  19.1771029875
6511.0  18.5967729677
6512.0  18.3558857204
6513.0  18.2528191298
6514.0  18.1850260816
6515.0  18.121225455
6516.0  18.1065876972
6517.0  18.0966328948
6518.0  18.1116809414
6519.0  18.1298495306
6520.0  18.1844831932
6521.0  18.214405119
6522.0  18.2248531393
6523.0  18.2277841986
6524.0  18.2395069986
6525.0  18.2473451997
6526.0  18.2539289648
6527.0  18.2946700498
6528.0  18.3421059323
6529.0  18.449103183
6530.0  18.6825923227
6531.0  19.0059219706
6532.0  19.2712871098
6533.0  19.3824294921
6534.0  19.3247824671
6535.0  19.0882013587
6536.0  18.7649523452
6537.0  18.4710605592
6538.0  18.3480465455
6539.0  18.2938330984
6540.0  18.2840529545
6541.0  18.2488182371
6542.0  18.2286474991
6543.0  18.2207426684
6544.0  18.2077578411
6545.0  18.1808439512
6546.0  18.1824965428
6547.0  18.1765200981
6548.0  18.1720750207
6549.0  18.1656794958
6550.0  18.1724834686
6551.0  18.1725662622
6552.0  18.1668436295
6553.0  18.1634568551
6554.0  18.1378940991
6555.0  18.1293103249
6556.0  18.1259265535
6557.0  18.1431968052
6558.0  18.1251413507
6559.0  18.0617632389
6560.0  18.0164742061
6561.0  17.9777752312
6562.0  17.9056977375
6563.0  17.8853845456
6564.0  17.9145010972
6565.0  17.9821638806
6566.0  18.0312122179
6567.0  18.092355101
6568.0  18.1131088998
6569.0  18.1366051423
6570.0  18.1502664471
6571.0  18.153943079
6572.0  18.1549337683
6573.0  18.1667953274
6574.0  18.1728217728
6575.0  18.176920587
6576.0  18.2095241005
6577.0  18.2359947924
6578.0  18.2489863402
6579.0  18.275848557
6580.0  18.2573474975
6581.0  18.2511938277
6582.0  18.2531989545
6583.0  18.2415985169
6584.0  18.2419306791
6585.0  18.239758823
6586.0  18.2401362572
6587.0  18.2729633772
6588.0  18.272289497
6589.0  18.2709470824
6590.0  18.2566861079
6591.0  18.2448681447
6592.0  18.2407758556
6593.0  18.272001669
6594.0  18.2876419204
6595.0  18.4087006937
6596.0  18.6847251792
6597.0  19.0250901239
6598.0  19.3881010566
6599.0  19.5395643102
6600.0  19.4702462864
6601.0  19.2321086295
6602.0  18.9064862743
6603.0  18.5855447646
6604.0  18.3974244271
6605.0  18.3411710814
6606.0  18.3147239332
6607.0  18.2868495187
6608.0  18.3001070649
6609.0  18.3020039579
6610.0  18.2889971318
6611.0  18.2930700962
6612.0  18.3122652493
6613.0  18.2979219323
6614.0  18.3018099354
6615.0  18.3301609311
6616.0  18.3143857769
6617.0  18.3146956957
6618.0  18.3132839971
6619.0  18.3383289898
6620.0  18.3223854138
6621.0  18.3369520867
6622.0  18.3429416655
6623.0  18.2987003518
6624.0  18.3157354522
6625.0  18.3268365708
6626.0  18.3349174587
6627.0  18.3158803972
6628.0  18.2968181161
6629.0  18.3163041609
6630.0  18.312615583
6631.0  18.3133844038
6632.0  18.2964843497
6633.0  18.2764016193
6634.0  18.284548436
6635.0  18.3000795063
6636.0  18.2932977295
6637.0  18.3023586955
6638.0  18.3142937252
6639.0  18.3382591878
6640.0  18.3174505122
6641.0  18.3014721632
6642.0  18.3006689698
6643.0  18.2918065617
6644.0  18.3084998506
6645.0  18.2939254199
6646.0  18.2822338074
6647.0  18.3144303772
6648.0  18.3319813957
6649.0  18.3365668035
6650.0  18.3290795896
6651.0  18.3195911566
6652.0  18.3434331172
6653.0  18.3374461881
6654.0  18.3319863846
6655.0  18.3372203873
6656.0  18.3247237974
6657.0  18.3073330191
6658.0  18.3334707942
6659.0  18.3204277309
6660.0  18.3277271384
6661.0  18.3226939784
6662.0  18.2999381834
6663.0  18.303635459
6664.0  18.3020331438
6665.0  18.2986183862
6666.0  18.3181202954
6667.0  18.3219675997
6668.0  18.3231419186
6669.0  18.3300127188
6670.0  18.3264252371
6671.0  18.3316044569
6672.0  18.3390081663
6673.0  18.3649629417
6674.0  18.5354853738
6675.0  18.9118771475
6676.0  19.461814273
6677.0  20.142056068
6678.0  20.5618725138
6679.0  20.5627259734
6680.0  20.2018698341
6681.0  19.6354567213
6682.0  19.0139736047
6683.0  18.5712881952
6684.0  18.3950182786
6685.0  18.3571855599
6686.0  18.355921809
6687.0  18.3348727278
6688.0  18.3401301947
6689.0  18.3473733558
6690.0  18.3295770893
6691.0  18.3231154495
6692.0  18.3370601863
6693.0  18.3068672171
6694.0  18.3004086376
6695.0  18.3031477184
6696.0  18.3014845691
6697.0  18.3036492709
6698.0  18.3100972677
6699.0  18.3123878598
6700.0  18.3070888519
6701.0  18.3172130767
6702.0  18.2982698427
6703.0  18.298303119
6704.0  18.2979561427
6705.0  18.2916819163
6706.0  18.3274155982
6707.0  18.3017646314
6708.0  18.3171125257
6709.0  18.3077163987
6710.0  18.3072023267
6711.0  18.3123377945
6712.0  18.3561936082
6713.0  18.4798368207
6714.0  18.723775294
6715.0  19.1010921231
6716.0  19.5154774689
6717.0  19.6976565596
6718.0  19.6186558868
6719.0  19.3875173589
6720.0  19.0202461803
6721.0  18.6375698048
6722.0  18.4031307209
6723.0  18.3322753737
6724.0  18.3238976234
6725.0  18.3125888252
6726.0  18.3137923302
6727.0  18.3136114098
6728.0  18.3128318031
6729.0  18.3080685131
6730.0  18.3058141396
6731.0  18.2935259287
6732.0  18.2584773479
6733.0  18.2903185103
6734.0  18.3005791573
6735.0  18.3156998388
6736.0  18.2990395559
6737.0  18.2778256059
6738.0  18.2878859733
6739.0  18.2938917188
6740.0  18.2831654722
6741.0  18.2853081822
6742.0  18.2740221221
6743.0  18.2778659801
6744.0  18.2999628189
6745.0  18.2831627471
6746.0  18.2735272949
6747.0  18.2691984625
6748.0  18.2635295115
6749.0  18.2639738722
6750.0  18.2611565261
6751.0  18.2621704623
6752.0  18.2713720115
6753.0  18.272742753
6754.0  18.2733122444
6755.0  18.2822583221
6756.0  18.2830080645
6757.0  18.3016483194
6758.0  18.2865470702
6759.0  18.2720956426
6760.0  18.2944697389
6761.0  18.2803667114
6762.0  18.2683474019
6763.0  18.287897495
6764.0  18.2780982561
6765.0  18.2678704712
6766.0  18.2872587909
6767.0  18.2696179958
6768.0  18.2590759521
6769.0  18.2714674416
6770.0  18.2638044679
6771.0  18.2528617736
6772.0  18.27011389
6773.0  18.2811479747
6774.0  18.3160383831
6775.0  18.3302561517
6776.0  18.3832697523
6777.0  18.463834045
6778.0  18.4925378589
6779.0  18.49983578
6780.0  18.4394345565
6781.0  18.3949659834
6782.0  18.3469558249
6783.0  18.2812195445
6784.0  18.2621508529
6785.0  18.2486981621
6786.0  18.2489260408
6787.0  18.2463307852
6788.0  18.2597894228
6789.0  18.2658357657
6790.0  18.2553968777
6791.0  18.2659279244
6792.0  18.2612235953
6793.0  18.2500500164
6794.0  18.2507146775
6795.0  18.2516080036
6796.0  18.2271813288
6797.0  18.2416372848
6798.0  18.2383845693
6799.0  18.2189004188
6800.0  18.2186617737
6801.0  18.2201128247
6802.0  18.2268818962
6803.0  18.2198982337
6804.0  18.2094095264
6805.0  18.2149013814
6806.0  18.2105743853
6807.0  18.1974812364
6808.0  18.2051671546
6809.0  18.2112802409
6810.0  18.2025647847
6811.0  18.2126396107
6812.0  18.2024332278
6813.0  18.1968533905
6814.0  18.2020781844
6815.0  18.2037090711
6816.0  18.2076492127
6817.0  18.2004607632
6818.0  18.1986166439
6819.0  18.1983333333
